372 340
1 52
1 53
1 54
1 55
1 56
1 57
1 58
1 70
1 71
1 72
1 73
2 50
2 51
2 52
2 73
2 74
3 49
3 50
3 74
3 75
4 49
4 75
4 76
5 49
5 76
5 77
5 78
6 48
6 78
7 48
7 78
8 48
8 78
9 48
9 78
10 48
10 77
11 48
11 77
12 48
12 77
13 48
13 76
14 48
14 76
15 48
15 76
16 48
16 76
17 48
17 75
18 48
18 75
19 48
19 75
20 48
20 75
21 48
21 75
22 48
22 75
23 48
23 74
24 48
24 74
25 47
25 74
26 47
26 74
27 47
27 74
28 47
28 73
29 47
29 73
30 47
30 73
31 47
31 73
32 46
32 73
33 46
33 73
34 46
34 73
35 46
35 73
36 46
36 73
37 45
37 73
38 45
38 73
39 45
39 73
40 44
40 73
41 44
41 73
42 44
42 73
43 43
43 73
44 43
44 73
45 42
45 43
45 73
46 42
46 74
47 42
47 74
48 41
48 42
48 74
49 41
49 74
50 40
50 75
51 39
51 40
51 75
52 38
52 39
52 75
53 37
53 38
53 75
54 35
54 36
54 76
55 32
55 33
55 34
55 76
56 31
56 32
56 76
56 77
57 29
57 30
57 31
57 77
58 28
58 29
58 77
58 78
59 26
59 27
59 28
59 78
60 25
60 26
60 78
60 79
61 24
61 25
61 79
61 80
62 23
62 24
62 80
63 21
63 22
63 80
63 81
64 20
64 21
64 81
64 82
65 19
65 20
65 82
66 18
66 19
66 83
67 17
67 18
67 83
67 84
68 17
68 84
69 16
69 17
69 84
69 85
70 15
70 16
70 85
70 86
71 14
71 15
71 86
72 14
72 86
72 87
73 13
73 14
73 87
74 12
74 13
74 87
74 88
75 12
75 88
76 11
76 12
76 88
77 11
77 89
78 10
78 11
78 89
79 10
79 90
80 9
80 10
80 90
81 9
81 90
82 9
82 90
83 8
83 9
83 91
84 8
84 91
85 7
85 8
85 91
86 7
86 92
87 7
87 92
88 6
88 92
89 6
89 92
90 5
90 92
91 5
91 93
92 5
92 93
93 4
93 93
94 4
94 94
95 4
95 94
96 4
96 94
97 3
97 94
98 3
98 95
99 3
99 95
100 3
100 95
101 3
101 95
102 3
102 96
103 3
103 96
104 2
104 96
105 2
105 96
106 2
106 97
107 2
107 97
108 2
108 97
109 2
109 98
110 2
110 98
111 2
111 98
112 1
112 98
113 1
113 99
114 1
114 99
115 1
115 2
115 99
116 0
116 1
116 2
116 100
117 0
117 1
117 2
117 100
118 0
118 1
118 100
119 0
119 100
120 0
120 100
121 0
121 101
122 101
123 101
124 102
125 102
126 102
127 0
127 102
128 103
129 0
129 103
130 0
130 103
131 0
131 103
132 0
132 1
132 104
133 0
133 1
133 104
134 0
134 1
134 2
134 104
135 0
135 1
135 2
135 3
135 105
136 0
136 1
136 105
137 2
137 105
138 2
138 3
138 105
139 4
139 106
140 4
140 106
141 4
141 106
142 4
142 107
143 4
143 107
144 4
144 107
145 4
145 108
146 4
146 108
147 4
147 108
148 4
148 109
149 4
149 109
150 4
150 109
150 110
151 2
151 4
151 110
152 2
152 3
152 111
153 2
153 111
154 2
154 111
154 112
155 2
155 112
156 2
156 112
157 2
157 112
157 113
158 2
158 113
159 2
159 113
159 114
160 2
160 114
161 2
161 114
161 115
162 2
162 115
163 2
163 115
163 116
164 2
164 116
165 2
165 116
165 117
166 3
166 117
167 3
167 117
167 118
168 3
168 118
169 3
169 118
169 119
170 4
170 119
170 120
171 4
171 120
172 4
172 120
172 121
173 4
173 121
174 4
174 121
174 122
175 5
175 122
175 123
176 5
176 123
177 5
177 123
177 124
178 5
178 124
179 6
179 124
179 125
180 6
180 125
180 126
181 6
181 126
182 6
182 126
182 127
183 7
183 127
183 128
184 7
184 128
185 7
185 128
185 129
186 8
186 129
186 130
187 8
187 130
188 8
188 130
188 131
189 8
189 131
189 132
190 9
190 132
191 9
191 132
191 133
192 9
192 133
192 134
193 10
193 134
193 135
194 10
194 135
195 10
195 135
195 136
196 11
196 136
196 137
197 11
197 137
197 138
198 11
198 138
198 139
199 12
199 139
199 140
200 12
200 140
201 13
201 140
201 141
202 13
202 141
202 142
203 13
203 142
203 143
204 14
204 143
204 144
205 14
205 144
205 145
206 15
206 145
206 146
207 15
207 146
207 147
208 15
208 147
208 148
209 16
209 148
209 149
210 16
210 149
210 150
211 17
211 150
211 151
212 17
212 151
212 152
213 17
213 18
213 152
213 153
214 18
214 153
214 154
215 18
215 19
215 154
215 155
216 19
216 155
216 156
217 19
217 20
217 156
217 157
217 158
218 20
218 158
218 159
219 20
219 21
219 159
219 160
220 21
220 160
220 161
221 21
221 22
221 161
221 162
222 22
222 162
222 163
222 164
223 22
223 23
223 164
223 165
224 23
224 165
224 166
225 23
225 24
225 166
225 167
225 168
226 24
226 168
226 169
227 24
227 25
227 169
227 170
228 25
228 170
228 171
228 172
229 25
229 26
229 172
229 173
230 26
230 27
230 173
230 174
231 27
231 174
231 175
231 176
232 27
232 28
232 176
232 177
233 28
233 177
233 178
233 179
234 28
234 29
234 179
234 180
235 29
235 180
235 181
235 182
236 29
236 30
236 182
236 183
236 184
237 30
237 31
237 184
237 185
238 31
238 185
238 186
238 187
239 31
239 32
239 187
239 188
240 32
240 188
240 189
240 190
241 32
241 33
241 190
241 191
241 192
242 33
242 34
242 192
242 193
242 194
243 34
243 194
243 195
244 34
244 35
244 195
244 196
244 197
245 35
245 36
245 197
245 198
245 199
246 36
246 199
246 200
246 201
247 36
247 37
247 201
247 202
247 203
248 37
248 38
248 203
248 204
249 38
249 39
249 204
249 205
249 206
250 39
250 206
250 207
250 208
251 39
251 40
251 208
251 209
251 210
252 40
252 41
252 210
252 211
252 212
253 41
253 42
253 212
253 213
253 214
254 42
254 214
254 215
254 216
255 42
255 43
255 216
255 217
255 218
255 219
256 43
256 44
256 219
256 220
256 221
257 44
257 221
257 222
257 223
258 45
258 223
258 224
258 225
259 45
259 46
259 225
259 226
259 227
260 46
260 47
260 227
260 228
260 229
261 47
261 48
261 229
261 230
261 231
262 48
262 49
262 232
262 233
262 234
263 49
263 234
263 235
263 236
264 49
264 50
264 237
264 238
264 239
265 50
265 51
265 239
265 240
265 241
266 51
266 52
266 241
266 242
266 243
267 52
267 53
267 244
267 245
267 246
268 53
268 54
268 246
268 247
269 54
269 248
269 249
269 250
269 251
270 54
270 55
270 251
270 252
270 253
271 55
271 56
271 253
271 254
271 255
272 56
272 57
272 256
272 257
273 57
273 58
273 258
273 259
273 260
274 58
274 59
274 261
274 262
275 59
275 60
275 263
275 264
276 60
276 61
276 265
276 266
276 267
277 61
277 62
277 268
277 269
277 270
278 62
278 63
278 270
278 271
278 272
279 63
279 64
279 272
279 273
279 274
280 64
280 65
280 275
280 276
281 65
281 66
281 277
281 278
281 279
282 66
282 67
282 280
282 281
283 67
283 68
283 282
283 283
283 284
284 68
284 69
284 284
284 285
284 286
285 69
285 70
285 286
285 287
285 288
286 70
286 71
286 288
286 289
287 71
287 72
287 289
287 290
287 291
288 72
288 73
288 291
288 292
289 73
289 74
289 292
289 293
289 294
290 74
290 75
290 294
290 295
290 296
291 75
291 76
291 296
291 297
292 76
292 77
292 297
292 298
292 299
293 77
293 78
293 299
293 300
294 78
294 79
294 300
294 301
294 302
295 80
295 81
295 302
295 303
296 81
296 82
296 303
296 304
296 305
297 82
297 83
297 305
297 306
298 83
298 84
298 306
298 307
299 84
299 85
299 307
299 308
299 309
300 85
300 86
300 87
300 309
300 310
301 87
301 88
301 310
301 311
301 312
302 88
302 89
302 312
302 313
303 89
303 90
303 313
303 314
304 90
304 91
304 92
304 314
304 315
305 92
305 93
305 315
305 316
306 93
306 94
306 316
306 317
306 318
307 94
307 95
307 96
307 318
307 319
308 96
308 97
308 319
308 320
309 97
309 98
309 320
310 98
310 99
310 100
310 320
310 321
311 100
311 101
311 321
311 322
312 101
312 102
312 103
312 322
312 323
313 103
313 104
313 323
313 324
314 104
314 105
314 106
314 324
314 325
315 106
315 107
315 325
315 326
316 107
316 108
316 109
316 326
317 109
317 110
317 326
317 327
318 110
318 111
318 112
318 327
318 328
319 112
319 113
319 328
319 329
320 113
320 114
320 115
320 329
320 330
321 115
321 116
321 117
321 330
322 117
322 118
322 330
322 331
323 118
323 119
323 120
323 331
323 332
324 120
324 121
324 332
325 122
325 123
325 332
325 333
326 123
326 124
326 125
326 333
326 334
327 125
327 126
327 127
327 334
328 127
328 128
328 334
328 335
329 129
329 130
329 335
330 130
330 131
330 132
330 335
330 336
331 132
331 133
331 134
331 336
332 134
332 135
332 136
332 336
332 337
333 136
333 137
333 337
334 137
334 138
334 139
334 337
334 338
335 139
335 140
335 141
335 338
336 141
336 142
336 143
336 338
337 143
337 144
337 145
337 338
338 145
338 146
338 147
338 338
339 147
339 148
339 149
339 338
340 149
340 150
340 151
340 338
341 151
341 152
341 153
341 154
341 338
342 154
342 155
342 156
342 338
343 156
343 157
343 158
343 338
344 159
344 160
344 338
345 160
345 161
345 162
345 338
345 339
346 163
346 164
346 165
346 338
347 166
347 167
348 168
348 169
348 170
349 171
349 172
349 173
349 338
349 339
350 174
350 175
350 337
350 338
351 176
351 177
351 178
351 336
351 337
352 179
352 180
352 335
352 336
353 181
353 182
353 183
353 333
353 334
353 335
354 184
354 185
354 186
354 332
354 333
355 187
355 188
355 189
355 331
355 332
356 190
356 191
356 192
356 330
356 331
357 193
357 194
357 195
357 329
357 330
358 196
358 197
358 198
358 328
358 329
359 199
359 200
359 201
359 327
359 328
360 202
360 203
360 204
360 325
360 326
360 327
361 205
361 206
361 207
361 322
361 323
361 324
362 208
362 209
362 210
362 211
362 319
362 320
362 321
363 212
363 213
363 214
363 316
363 317
363 318
364 215
364 216
364 217
364 218
364 313
364 314
364 315
365 219
365 220
365 221
365 222
365 310
365 311
365 312
366 223
366 224
366 225
366 226
366 306
366 307
366 308
366 309
367 227
367 228
367 229
367 230
367 231
367 232
367 302
367 303
367 304
367 305
368 233
368 234
368 235
368 236
368 237
368 297
368 298
368 299
368 300
368 301
369 238
369 239
369 240
369 241
369 242
369 291
369 292
369 293
369 294
369 295
369 296
370 243
370 244
370 288
370 289
370 290
