600 600
10 288
10 289
10 290
10 291
10 292
10 293
10 294
10 295
10 296
10 297
10 298
10 299
10 300
10 301
10 302
10 303
10 304
10 305
10 306
10 307
10 308
10 309
10 310
10 311
10 312
10 313
10 314
10 315
11 282
11 283
11 284
11 285
11 286
11 287
11 316
11 317
11 318
11 319
11 320
11 321
12 282
12 288
12 289
12 290
12 291
12 292
12 293
12 294
12 295
12 296
12 297
12 298
12 299
12 300
12 301
12 304
12 305
12 306
12 307
12 308
12 309
12 310
12 311
12 312
12 313
12 314
12 315
12 321
12 322
13 279
13 280
13 284
13 285
13 286
13 287
13 316
13 317
13 318
13 319
13 320
13 323
13 324
14 279
14 281
14 325
15 279
15 281
15 282
15 285
15 286
15 287
15 313
15 314
15 315
15 316
15 317
15 318
15 319
15 320
15 321
15 322
15 323
15 325
16 279
16 282
16 287
16 288
16 326
17 279
17 282
17 323
17 325
18 280
18 282
18 323
18 325
19 280
19 282
19 322
19 325
20 280
20 283
20 322
20 325
21 280
21 283
21 322
21 325
22 280
22 283
22 324
23 280
23 283
23 320
23 321
23 324
24 281
24 319
24 324
25 281
25 323
26 273
26 274
26 275
26 276
26 277
26 281
26 284
26 287
26 288
26 323
27 272
27 273
27 279
27 282
27 284
27 320
27 323
28 270
28 271
28 278
28 279
28 282
28 284
28 320
28 323
29 269
29 270
29 273
29 274
29 275
29 276
29 277
29 279
29 282
29 320
29 323
29 324
29 325
29 326
29 327
29 328
30 269
30 282
30 283
30 329
30 330
30 331
30 332
31 268
31 269
31 270
31 273
31 274
31 275
31 276
31 277
31 278
31 279
31 280
31 282
31 284
31 285
31 286
31 287
31 288
31 289
31 290
31 291
31 292
31 293
31 294
31 295
31 296
31 297
31 298
31 299
31 300
31 301
31 302
31 303
31 304
31 305
31 306
31 307
31 308
31 309
31 310
31 311
31 312
31 313
31 314
31 315
31 316
31 317
31 318
31 319
31 320
31 323
31 324
31 325
31 326
31 327
31 328
31 333
31 334
32 268
32 272
32 273
32 280
32 320
32 322
32 329
32 330
32 331
32 334
33 268
33 272
33 280
33 323
33 324
33 331
33 332
33 335
34 268
34 271
34 280
34 282
34 324
34 332
34 335
35 267
35 271
35 280
35 281
35 283
35 284
35 285
35 286
35 287
35 288
35 289
35 290
35 291
35 292
35 293
35 294
35 295
35 296
35 297
35 298
35 299
35 300
35 301
35 302
35 303
35 304
35 305
35 306
35 307
35 308
35 309
35 310
35 311
35 312
35 313
35 314
35 315
35 316
35 317
35 318
35 319
35 320
35 321
35 324
35 332
35 335
36 267
36 271
36 281
36 282
36 322
36 323
36 324
36 333
36 336
37 267
37 271
37 276
37 277
37 278
37 279
37 282
37 283
37 285
37 286
37 287
37 288
37 289
37 290
37 291
37 292
37 293
37 294
37 295
37 296
37 297
37 298
37 299
37 306
37 307
37 308
37 309
37 310
37 311
37 312
37 313
37 314
37 315
37 316
37 317
37 318
37 319
37 320
37 321
37 322
37 326
37 327
37 328
37 333
37 336
38 267
38 271
38 275
38 276
38 284
38 302
38 303
38 323
38 324
38 325
38 328
38 329
38 333
38 336
39 266
39 270
39 274
39 275
39 283
39 286
39 287
39 288
39 289
39 290
39 291
39 292
39 296
39 300
39 301
39 304
39 307
39 308
39 309
39 311
39 312
39 313
39 314
39 315
39 316
39 317
39 322
39 323
39 325
39 329
39 333
39 336
40 266
40 270
40 274
40 277
40 280
40 281
40 283
40 285
40 304
40 317
40 318
40 320
40 321
40 324
40 325
40 327
40 329
40 334
40 337
41 266
41 270
41 274
41 276
41 283
41 286
41 287
41 300
41 301
41 302
41 303
41 304
41 317
41 326
41 329
41 334
41 337
42 266
42 270
42 274
42 277
42 281
42 284
42 285
42 287
42 288
42 290
42 291
42 292
42 293
42 296
42 297
42 298
42 317
42 319
42 322
42 324
42 325
42 329
42 334
42 337
43 266
43 269
43 274
43 277
43 281
43 283
43 285
43 288
43 317
43 319
43 321
43 324
43 329
43 334
43 337
44 265
44 269
44 275
44 281
44 283
44 286
44 288
44 293
44 294
44 295
44 296
44 297
44 298
44 299
44 300
44 301
44 302
44 303
44 317
44 319
44 321
44 322
44 325
44 328
44 335
44 337
45 265
45 269
45 275
45 278
45 281
45 284
45 286
45 288
45 291
45 292
45 293
45 296
45 317
45 319
45 321
45 328
45 335
45 338
46 265
46 269
46 275
46 282
46 283
46 288
46 317
46 324
46 328
46 335
46 338
47 264
47 268
47 276
47 278
47 279
47 280
47 282
47 288
47 301
47 302
47 303
47 304
47 305
47 306
47 317
47 318
47 319
47 322
47 325
47 328
47 336
47 338
48 264
48 268
48 276
48 286
48 289
48 290
48 291
48 292
48 293
48 294
48 295
48 296
48 297
48 298
48 299
48 300
48 307
48 308
48 309
48 310
48 311
48 312
48 313
48 314
48 315
48 316
48 319
48 322
48 325
48 328
48 336
48 338
49 264
49 268
49 275
49 277
49 278
49 279
49 285
49 286
49 288
49 320
49 321
49 322
49 323
49 324
49 328
49 336
49 339
50 264
50 268
50 275
50 279
50 282
50 283
50 284
50 291
50 316
50 317
50 320
50 322
50 324
50 326
50 328
50 337
50 339
51 264
51 267
51 275
51 279
51 282
51 291
51 292
51 314
51 315
51 320
51 322
51 324
51 326
51 328
51 337
51 339
52 263
52 267
52 275
52 279
52 281
52 292
52 293
52 294
52 295
52 315
52 319
52 322
52 324
52 326
52 327
52 329
52 337
52 340
53 263
53 267
53 274
53 279
53 281
53 320
53 324
53 327
53 329
53 338
53 340
54 263
54 267
54 274
54 279
54 281
54 320
54 325
54 327
54 329
54 338
54 340
55 263
55 267
55 274
55 276
55 279
55 281
55 320
55 324
55 327
55 330
55 338
55 340
56 262
56 266
56 274
56 276
56 279
56 281
56 320
56 324
56 327
56 330
56 338
56 341
57 262
57 266
57 274
57 276
57 279
57 281
57 320
57 324
57 327
57 330
57 339
57 341
58 262
58 266
58 273
58 279
58 281
58 320
58 323
58 327
58 330
58 339
58 341
58 342
59 262
59 266
59 273
59 278
59 281
59 320
59 323
59 327
59 331
59 339
59 342
60 261
60 265
60 273
60 276
60 279
60 281
60 320
60 325
60 328
60 330
60 340
60 342
61 261
61 265
61 273
61 276
61 279
61 281
61 320
61 322
61 325
61 328
61 330
61 340
61 342
62 261
62 265
62 273
62 275
62 276
62 278
62 281
62 320
62 322
62 325
62 332
62 340
62 343
63 261
63 264
63 272
63 275
63 276
63 278
63 281
63 320
63 322
63 325
63 327
63 332
63 340
63 343
64 260
64 264
64 272
64 276
64 278
64 281
64 320
64 322
64 325
64 330
64 332
64 341
64 343
65 260
65 264
65 272
65 276
65 278
65 281
65 289
65 291
65 320
65 322
65 325
65 330
65 332
65 341
65 344
66 260
66 264
66 272
66 276
66 278
66 279
66 282
66 288
66 289
66 291
66 292
66 320
66 322
66 325
66 333
66 341
66 344
67 260
67 264
67 272
67 276
67 279
67 282
67 288
67 292
67 320
67 322
67 325
67 333
67 342
67 344
67 345
68 260
68 263
68 271
68 275
68 276
68 278
68 280
68 282
68 288
68 292
68 320
68 322
68 325
68 331
68 333
68 342
68 345
69 259
69 263
69 271
69 274
69 275
69 278
69 280
69 282
69 288
69 292
69 293
69 320
69 322
69 325
69 331
69 333
69 342
69 345
70 259
70 263
70 271
70 273
70 282
70 287
70 292
70 320
70 325
70 331
70 333
70 343
70 345
71 259
71 263
71 271
71 273
71 287
71 293
71 320
71 325
71 331
71 333
71 343
71 345
72 258
72 262
72 271
72 273
72 283
72 287
72 321
72 325
72 331
72 333
72 343
72 346
73 258
73 262
73 271
73 273
73 276
73 277
73 283
73 287
73 319
73 321
73 325
73 326
73 331
73 333
73 344
73 346
74 258
74 260
74 262
74 271
74 273
74 276
74 278
74 283
74 287
74 319
74 321
74 324
74 326
74 334
74 344
74 347
75 258
75 260
75 261
75 262
75 270
75 273
75 276
75 278
75 283
75 287
75 288
75 289
75 290
75 291
75 319
75 321
75 327
75 332
75 334
75 344
75 347
76 258
76 260
76 270
76 273
76 276
76 277
76 279
76 283
76 288
76 289
76 319
76 321
76 323
76 325
76 327
76 332
76 334
76 345
76 347
77 257
77 261
77 270
77 276
77 279
77 283
77 284
77 319
77 321
77 323
77 325
77 327
77 332
77 334
77 345
77 347
78 257
78 259
78 261
78 270
78 272
78 276
78 279
78 284
78 319
78 321
78 322
78 323
78 325
78 327
78 332
78 334
78 345
78 348
79 257
79 259
79 261
79 270
79 272
79 276
79 279
79 284
79 321
79 323
79 324
79 327
79 332
79 333
79 334
79 345
79 348
80 257
80 260
80 265
80 266
80 267
80 270
80 272
80 277
80 280
80 284
80 285
80 321
80 326
80 331
80 333
80 336
80 337
80 338
80 339
80 340
80 346
80 349
81 256
81 260
81 263
81 264
81 270
81 272
81 277
81 285
81 286
81 321
81 323
81 326
81 331
81 333
81 340
81 341
81 346
81 349
82 256
82 260
82 262
82 263
82 264
82 268
82 269
82 270
82 273
82 277
82 281
82 282
82 283
82 286
82 321
82 323
82 326
82 333
82 334
82 341
82 342
82 346
82 349
83 256
83 260
83 262
83 265
83 266
83 267
83 270
83 273
83 277
83 279
83 281
83 283
83 286
83 287
83 320
83 323
83 326
83 332
83 335
83 336
83 337
83 338
83 343
83 347
83 349
84 256
84 260
84 261
84 268
84 269
84 270
84 273
84 276
84 278
84 281
84 283
84 287
84 320
84 322
84 326
84 332
84 339
84 340
84 343
84 347
84 350
85 256
85 258
85 262
85 263
85 265
85 266
85 267
85 270
85 273
85 276
85 278
85 280
85 283
85 287
85 319
85 322
85 326
85 329
85 332
85 334
85 335
85 336
85 337
85 338
85 341
85 347
85 350
86 255
86 262
86 264
86 265
86 270
86 273
86 276
86 278
86 280
86 283
86 287
86 319
86 322
86 329
86 332
86 334
86 338
86 339
86 340
86 343
86 347
86 350
87 255
87 260
87 264
87 270
87 274
87 277
87 281
87 282
87 283
87 287
87 288
87 289
87 294
87 319
87 323
87 329
87 332
87 334
87 340
87 343
87 347
87 350
88 255
88 257
88 260
88 263
88 270
88 274
88 277
88 281
88 283
88 284
88 285
88 290
88 291
88 292
88 293
88 294
88 295
88 296
88 297
88 298
88 299
88 300
88 301
88 302
88 303
88 304
88 305
88 306
88 307
88 308
88 309
88 310
88 311
88 312
88 313
88 317
88 318
88 319
88 321
88 323
88 325
88 329
88 332
88 334
88 341
88 343
88 344
88 348
88 350
89 255
89 257
89 259
89 263
89 270
89 274
89 277
89 278
89 281
89 283
89 286
89 294
89 297
89 314
89 315
89 316
89 320
89 321
89 323
89 325
89 328
89 332
89 333
89 334
89 341
89 344
89 348
89 350
90 255
90 257
90 259
90 263
90 270
90 274
90 277
90 281
90 283
90 286
90 290
90 294
90 296
90 297
90 319
90 321
90 323
90 324
90 325
90 328
90 331
90 334
90 341
90 344
90 348
90 351
91 255
91 257
91 259
91 263
91 270
91 274
91 275
91 277
91 281
91 283
91 287
91 290
91 294
91 295
91 297
91 298
91 299
91 300
91 301
91 302
91 303
91 304
91 305
91 306
91 307
91 308
91 309
91 310
91 311
91 312
91 315
91 319
91 321
91 323
91 325
91 326
91 330
91 331
91 334
91 341
91 345
91 348
91 351
92 255
92 257
92 259
92 263
92 270
92 275
92 276
92 277
92 279
92 281
92 287
92 288
92 290
92 294
92 297
92 312
92 313
92 314
92 315
92 318
92 323
92 326
92 331
92 334
92 341
92 345
92 348
92 351
93 255
93 257
93 259
93 263
93 271
93 274
93 277
93 280
93 287
93 291
93 294
93 314
93 318
93 319
93 320
93 322
93 326
93 331
93 333
93 334
93 341
93 345
93 348
93 351
94 255
94 257
94 259
94 261
94 263
94 271
94 274
94 275
94 276
94 277
94 278
94 282
94 287
94 288
94 292
94 294
94 295
94 296
94 297
94 298
94 299
94 300
94 301
94 315
94 318
94 323
94 325
94 326
94 333
94 341
94 345
94 348
94 351
95 255
95 257
95 259
95 263
95 271
95 272
95 275
95 278
95 279
95 280
95 283
95 284
95 285
95 286
95 294
95 296
95 312
95 313
95 314
95 315
95 316
95 317
95 318
95 319
95 320
95 323
95 324
95 325
95 328
95 329
95 332
95 333
95 341
95 345
95 348
95 351
96 255
96 258
96 259
96 261
96 263
96 272
96 273
96 276
96 281
96 291
96 292
96 293
96 294
96 296
96 297
96 298
96 299
96 300
96 301
96 302
96 303
96 304
96 305
96 306
96 307
96 308
96 309
96 310
96 315
96 322
96 324
96 331
96 332
96 341
96 345
96 348
96 350
97 255
97 259
97 263
97 273
97 274
97 279
97 281
97 283
97 287
97 289
97 290
97 296
97 308
97 311
97 312
97 313
97 314
97 315
97 316
97 318
97 324
97 330
97 331
97 341
97 345
97 347
97 350
98 256
98 259
98 263
98 274
98 279
98 280
98 281
98 283
98 285
98 286
98 287
98 291
98 292
98 296
98 297
98 298
98 300
98 301
98 302
98 303
98 304
98 305
98 306
98 307
98 310
98 318
98 319
98 323
98 325
98 330
98 341
98 345
98 347
98 350
99 256
99 259
99 263
99 274
99 276
99 283
99 285
99 287
99 293
99 294
99 295
99 296
99 298
99 300
99 307
99 310
99 314
99 317
99 320
99 322
99 330
99 341
99 345
99 347
99 350
100 256
100 259
100 263
100 275
100 277
100 282
100 284
100 292
100 293
100 296
100 301
100 302
100 307
100 310
100 312
100 314
100 319
100 322
100 330
100 341
100 345
100 346
100 347
100 350
101 256
101 259
101 263
101 275
101 277
101 278
101 279
101 280
101 284
101 286
101 287
101 288
101 290
101 291
101 292
101 295
101 296
101 299
101 307
101 309
101 316
101 317
101 318
101 323
101 324
101 325
101 326
101 327
101 329
101 341
101 350
102 257
102 259
102 263
102 275
102 277
102 280
102 281
102 284
102 286
102 289
102 297
102 298
102 299
102 300
102 306
102 307
102 310
102 311
102 312
102 313
102 314
102 315
102 318
102 323
102 324
102 327
102 330
102 341
102 344
102 346
102 349
103 257
103 260
103 264
103 275
103 277
103 281
103 284
103 295
103 301
103 302
103 303
103 304
103 305
103 320
103 322
103 327
103 329
103 340
103 344
103 346
103 349
104 257
104 260
104 262
104 265
104 266
104 267
104 268
104 275
104 277
104 281
104 283
104 284
104 285
104 286
104 289
104 290
104 295
104 296
104 317
104 320
104 321
104 322
104 323
104 327
104 329
104 338
104 339
104 340
104 344
104 348
104 349
105 258
105 260
105 263
105 265
105 268
105 275
105 277
105 280
105 281
105 282
105 286
105 287
105 291
105 292
105 293
105 301
105 317
105 319
105 320
105 323
105 324
105 327
105 330
105 337
105 338
105 341
105 342
105 344
105 348
106 258
106 262
106 265
106 269
106 275
106 277
106 280
106 285
106 287
106 290
106 294
106 297
106 298
106 299
106 300
106 301
106 317
106 319
106 324
106 327
106 330
106 333
106 336
106 337
106 339
106 340
106 342
106 344
106 348
107 259
107 262
107 263
107 266
107 269
107 274
107 275
107 277
107 280
107 287
107 290
107 291
107 292
107 293
107 296
107 299
107 318
107 324
107 327
107 330
107 335
107 336
107 342
107 344
107 347
108 259
108 260
108 263
108 267
108 269
108 270
108 272
108 273
108 274
108 277
108 280
108 282
108 283
108 284
108 287
108 296
108 299
108 317
108 324
108 327
108 331
108 334
108 335
108 340
108 344
108 346
109 260
109 263
109 265
109 270
109 271
109 272
109 275
109 277
109 280
109 287
109 295
109 299
109 317
109 321
109 322
109 324
109 327
109 332
109 333
109 334
109 336
109 337
109 338
109 339
109 343
109 347
110 260
110 261
110 266
110 268
110 270
110 273
110 274
110 275
110 277
110 280
110 287
110 290
110 295
110 299
110 317
110 321
110 324
110 327
110 330
110 336
110 339
110 341
110 342
110 346
110 347
111 261
111 266
111 267
111 271
111 272
111 275
111 277
111 280
111 281
111 287
111 290
111 295
111 300
111 317
111 321
111 324
111 327
111 329
111 331
111 333
111 339
111 345
111 347
112 261
112 267
112 271
112 275
112 277
112 281
112 282
112 283
112 284
112 286
112 287
112 288
112 290
112 295
112 300
112 312
112 317
112 322
112 323
112 327
112 329
112 330
112 331
112 336
112 337
112 338
112 340
112 341
112 344
112 345
112 347
113 261
113 264
113 266
113 268
113 271
113 275
113 277
113 280
113 282
113 284
113 286
113 288
113 290
113 296
113 300
113 312
113 317
113 320
113 321
113 323
113 327
113 335
113 336
113 341
113 345
113 347
114 261
114 264
114 271
114 272
114 275
114 277
114 280
114 281
114 282
114 284
114 286
114 288
114 290
114 296
114 300
114 312
114 316
114 320
114 323
114 327
114 334
114 335
114 341
114 342
114 345
114 347
115 261
115 264
115 265
115 272
115 273
115 275
115 277
115 280
115 281
115 283
115 287
115 291
115 296
115 312
115 316
115 321
115 324
115 325
115 326
115 327
115 333
115 334
115 341
115 343
115 345
115 347
116 261
116 262
116 265
116 267
116 268
116 273
116 274
116 275
116 277
116 280
116 283
116 285
116 287
116 291
116 312
116 316
116 321
116 322
116 323
116 328
116 332
116 333
116 341
116 345
116 347
117 262
117 263
117 266
117 267
117 268
117 269
117 277
117 278
117 280
117 283
117 286
117 291
117 312
117 315
117 317
117 331
117 332
117 341
117 342
117 345
117 347
118 266
118 269
118 270
118 279
118 280
118 283
118 284
118 286
118 291
118 298
118 299
118 300
118 311
118 312
118 315
118 317
118 328
118 330
118 331
118 342
118 343
118 346
119 270
119 271
119 272
119 281
119 282
119 283
119 296
119 297
119 298
119 315
119 318
119 319
119 320
119 321
119 322
119 330
120 272
120 273
120 286
120 287
120 288
120 289
120 290
120 291
120 292
120 293
120 294
120 295
120 312
120 313
120 314
120 322
120 325
120 326
120 327
120 330
121 274
121 275
121 277
121 284
121 285
121 298
121 299
121 300
121 301
121 302
121 303
121 304
121 305
121 306
121 307
121 308
121 309
121 310
121 311
121 316
121 318
121 325
121 330
122 274
122 278
122 279
122 280
122 281
122 282
122 283
122 290
122 293
122 294
122 295
122 296
122 312
122 313
122 314
122 315
122 320
122 321
122 322
122 323
122 324
122 330
123 274
123 276
123 278
123 291
123 292
123 297
123 298
123 299
123 300
123 301
123 302
123 303
123 304
123 305
123 306
123 307
123 308
123 309
123 310
123 311
123 316
123 317
123 318
123 319
123 320
123 324
123 330
124 274
124 276
124 279
124 281
124 282
124 283
124 284
124 285
124 286
124 287
124 295
124 314
124 315
124 319
124 324
124 328
124 330
125 274
125 276
125 278
125 281
125 286
125 288
125 289
125 290
125 291
125 292
125 312
125 320
125 324
125 328
125 330
126 274
126 276
126 278
126 281
126 290
126 293
126 296
126 312
126 320
126 324
126 328
126 330
127 274
127 278
127 281
127 284
127 290
127 293
127 296
127 312
127 320
127 324
127 328
127 330
128 274
128 277
128 278
128 280
128 284
128 290
128 293
128 296
128 312
128 320
128 325
128 328
128 330
129 274
129 277
129 280
129 284
129 289
129 293
129 296
129 313
129 320
129 325
129 328
129 330
130 274
130 277
130 280
130 283
130 289
130 293
130 295
130 313
130 315
130 320
130 325
130 328
130 330
131 273
131 277
131 280
131 283
131 289
131 293
131 295
131 312
131 315
131 320
131 325
131 328
131 331
132 273
132 277
132 279
132 283
132 289
132 293
132 295
132 312
132 315
132 321
132 325
132 331
133 273
133 279
133 284
133 289
133 293
133 295
133 312
133 315
133 316
133 318
133 321
133 325
133 331
134 273
134 279
134 284
134 289
134 292
134 295
134 312
134 316
134 318
134 321
134 325
134 329
134 331
135 273
135 279
135 282
135 288
135 292
135 295
135 312
135 319
135 321
135 325
135 329
135 331
136 273
136 279
136 282
136 284
136 288
136 292
136 295
136 312
136 319
136 321
136 326
136 329
136 331
137 273
137 279
137 282
137 284
137 288
137 292
137 295
137 312
137 319
137 322
137 326
137 329
137 331
138 273
138 278
138 281
138 288
138 292
138 295
138 312
138 316
138 318
138 322
138 326
138 329
138 331
139 273
139 278
139 281
139 287
139 292
139 295
139 312
139 316
139 318
139 322
139 326
139 332
140 272
140 278
140 281
140 287
140 292
140 295
140 313
140 316
140 318
140 322
140 326
140 332
141 272
141 278
141 280
141 287
141 292
141 295
141 313
141 316
141 319
141 322
141 326
141 332
142 272
142 277
142 280
142 286
142 292
142 295
142 312
142 316
142 319
142 323
142 326
142 330
142 332
143 272
143 277
143 280
143 286
143 292
143 295
143 313
143 316
143 319
143 323
143 327
143 330
143 332
144 272
144 277
144 280
144 285
144 286
144 292
144 295
144 313
144 316
144 319
144 323
144 327
144 330
144 332
145 272
145 277
145 281
145 285
145 292
145 295
145 313
145 316
145 319
145 323
145 327
145 333
146 272
146 276
146 281
146 284
146 285
146 292
146 316
146 319
146 323
146 327
146 333
147 271
147 276
147 280
147 284
147 292
147 316
147 319
147 323
147 328
147 333
148 271
148 276
148 280
148 284
148 287
148 292
148 317
148 319
148 324
148 328
148 333
149 271
149 276
149 280
149 283
149 288
149 289
149 292
149 317
149 319
149 324
149 328
149 331
149 333
150 271
150 275
150 280
150 283
150 288
150 292
150 317
150 320
150 324
150 328
150 333
151 271
151 275
151 278
151 279
151 283
151 288
151 290
151 292
151 317
151 320
151 324
151 329
151 334
152 270
152 275
152 279
152 283
152 287
152 288
152 290
152 292
152 317
152 320
152 324
152 329
152 334
153 270
153 275
153 279
153 283
153 286
153 287
153 290
153 317
153 320
153 325
153 329
153 334
154 270
154 274
154 279
154 282
154 286
154 291
154 317
154 320
154 325
154 330
154 334
155 270
155 274
155 278
155 282
155 286
155 317
155 320
155 325
155 330
155 334
156 270
156 274
156 278
156 282
156 285
156 320
156 325
156 330
156 335
157 269
157 273
157 278
157 282
157 285
157 321
157 325
157 330
157 335
158 269
158 273
158 277
158 281
158 285
158 321
158 326
158 330
158 335
159 269
159 273
159 277
159 281
159 285
159 322
159 326
159 330
159 331
159 335
160 269
160 272
160 277
160 280
160 281
160 285
160 322
160 326
160 331
160 335
161 268
161 272
161 277
161 280
161 285
161 322
161 326
161 331
161 336
162 268
162 272
162 276
162 280
162 285
162 323
162 326
162 332
162 336
163 268
163 271
163 276
163 280
163 285
163 323
163 327
163 332
163 336
164 268
164 271
164 276
164 279
164 280
164 285
164 324
164 327
164 332
164 336
165 267
165 271
165 275
165 279
165 285
165 324
165 327
165 332
165 336
166 267
166 270
166 275
166 279
166 285
166 324
166 327
166 333
166 337
167 267
167 270
167 275
167 279
167 285
167 324
167 328
167 333
167 337
168 266
168 270
168 274
168 278
168 285
168 325
168 328
168 333
168 337
169 266
169 269
169 274
169 278
169 285
169 325
169 328
169 333
169 337
170 266
170 269
170 274
170 277
170 278
170 285
170 325
170 329
170 333
170 338
171 265
171 269
171 273
171 277
171 285
171 325
171 329
171 334
171 338
172 265
172 268
172 273
172 276
172 285
172 326
172 329
172 334
172 338
173 265
173 268
173 272
173 276
173 285
173 326
173 329
173 334
173 339
174 264
174 268
174 272
174 276
174 326
174 330
174 335
174 339
175 264
175 267
175 271
175 272
175 275
175 327
175 330
175 335
175 339
176 263
176 267
176 271
176 275
176 327
176 330
176 335
176 339
176 340
177 263
177 267
177 271
177 275
177 327
177 330
177 335
177 340
178 263
178 266
178 271
178 274
178 327
178 331
178 336
178 340
179 262
179 266
179 270
179 274
179 328
179 331
179 336
179 341
180 262
180 265
180 270
180 273
180 274
180 328
180 332
180 336
180 341
181 262
181 265
181 269
181 270
181 273
181 329
181 332
181 337
181 341
181 342
182 261
182 265
182 269
182 272
182 273
182 329
182 332
182 337
182 342
183 261
183 264
183 265
183 268
183 269
183 272
183 329
183 333
183 337
183 342
184 261
184 264
184 268
184 272
184 329
184 333
184 338
184 343
185 260
185 264
185 268
185 272
185 330
185 333
185 334
185 338
185 343
186 260
186 263
186 264
186 267
186 271
186 330
186 334
186 338
186 339
186 344
187 259
187 263
187 267
187 270
187 271
187 330
187 334
187 335
187 339
187 344
188 259
188 262
188 266
188 267
188 270
188 335
188 339
188 344
189 258
189 262
189 266
189 269
189 270
189 335
189 339
189 345
190 258
190 266
190 269
190 335
190 336
190 340
190 345
191 258
191 265
191 266
191 336
191 340
191 346
192 257
192 258
192 265
192 336
192 337
192 340
192 341
192 346
193 257
193 264
193 265
193 337
193 341
193 346
194 256
194 264
194 337
194 341
194 342
194 347
195 256
195 263
195 264
195 337
195 338
195 342
195 347
196 256
196 263
196 338
196 339
196 342
196 347
196 348
197 255
197 262
197 263
197 339
197 343
197 348
198 255
198 262
198 339
198 340
198 343
198 344
198 349
199 254
199 255
199 262
199 340
199 344
199 349
200 254
200 261
200 262
200 340
200 344
200 349
201 254
201 261
201 340
201 341
201 344
201 345
201 350
202 253
202 260
202 261
202 341
202 345
202 350
203 253
203 260
203 342
203 345
203 351
204 252
204 259
204 260
204 342
204 345
204 346
204 351
205 252
205 259
205 343
205 346
205 351
206 252
206 258
206 259
206 343
206 346
206 352
207 251
207 258
207 343
207 344
207 347
207 352
208 251
208 258
208 344
208 347
208 353
209 250
209 257
209 258
209 344
209 345
209 348
209 353
210 250
210 257
210 345
210 348
210 353
210 354
211 249
211 257
211 345
211 346
211 348
211 354
212 249
212 256
212 346
212 349
212 355
213 249
213 256
213 346
213 347
213 349
213 355
214 248
214 255
214 347
214 350
214 355
215 248
215 255
215 347
215 348
215 350
215 351
215 356
216 247
216 254
216 255
216 348
216 351
216 356
217 247
217 254
217 348
217 351
217 356
217 357
218 246
218 253
218 254
218 348
218 349
218 352
218 357
219 246
219 253
219 349
219 352
219 358
220 246
220 253
220 349
220 352
220 353
220 358
221 245
221 252
221 253
221 349
221 350
221 353
221 358
221 359
222 245
222 252
222 350
222 353
222 359
223 244
223 252
223 350
223 354
223 359
224 244
224 251
224 351
224 354
224 360
225 243
225 251
225 351
225 355
225 360
226 243
226 251
226 352
226 355
226 360
227 243
227 250
227 352
227 356
227 361
228 242
228 250
228 352
228 356
228 361
229 242
229 250
229 353
229 356
229 357
229 361
229 362
230 241
230 249
230 353
230 357
230 362
231 241
231 250
231 354
231 357
231 362
232 240
232 241
232 250
232 354
232 358
232 363
233 240
233 249
233 354
233 355
233 358
233 363
234 240
234 245
234 249
234 355
234 358
234 359
234 364
235 240
235 245
235 249
235 355
235 356
235 359
235 364
236 239
236 245
236 248
236 356
236 359
236 360
236 364
237 239
237 244
237 248
237 357
237 360
237 365
238 238
238 244
238 247
238 248
238 357
238 360
238 365
239 238
239 243
239 247
239 357
239 361
239 365
240 238
240 243
240 246
240 247
240 358
240 361
240 366
241 237
241 243
241 246
241 358
241 361
241 362
241 366
242 237
242 242
242 246
242 359
242 362
242 366
243 237
243 242
243 245
243 359
243 367
244 237
244 242
244 245
244 360
244 367
245 236
245 241
245 242
245 245
245 360
245 367
246 236
246 241
246 244
246 360
246 367
247 236
247 241
247 244
247 360
247 361
247 368
248 235
248 241
248 244
248 361
248 368
249 235
249 240
249 243
249 361
249 368
250 235
250 240
250 243
250 361
250 362
250 369
251 235
251 240
251 243
251 362
251 369
252 234
252 240
252 243
252 362
252 369
253 234
253 242
253 362
253 369
254 234
254 239
254 242
254 363
254 370
255 233
255 239
255 242
255 363
255 370
256 233
256 239
256 241
256 363
256 370
257 233
257 238
257 241
257 364
257 370
258 233
258 238
258 241
258 364
258 371
259 232
259 238
259 240
259 364
259 371
260 232
260 240
260 365
260 371
261 232
261 237
261 240
261 365
261 371
262 232
262 237
262 240
262 365
262 371
263 232
263 237
263 239
263 366
263 372
264 231
264 239
264 366
264 372
265 231
265 236
265 239
265 366
265 372
266 231
266 236
266 239
266 366
266 372
267 231
267 236
267 238
267 367
267 372
268 231
268 236
268 238
268 367
268 372
269 230
269 238
269 367
269 370
269 373
270 230
270 235
270 238
270 367
270 370
270 373
271 230
271 235
271 238
271 368
271 370
271 373
272 230
272 235
272 237
272 368
272 370
272 373
273 230
273 235
273 237
273 368
273 373
274 230
274 237
274 368
274 373
275 230
275 234
275 237
275 368
275 373
276 230
276 234
276 237
276 368
276 373
277 229
277 234
277 237
277 368
277 374
278 229
278 234
278 236
278 369
278 374
279 229
279 234
279 236
279 369
279 374
280 229
280 236
280 369
280 374
281 229
281 236
281 369
281 374
282 229
282 236
282 369
282 374
283 229
283 236
283 369
283 374
284 229
284 236
284 370
284 374
285 229
285 236
285 370
285 374
286 229
286 236
286 370
286 375
287 229
287 236
287 370
287 375
288 229
288 236
288 370
288 375
289 229
289 236
289 370
289 375
290 229
290 236
290 370
290 375
291 229
291 236
291 371
291 375
292 229
292 235
292 371
292 375
293 229
293 235
293 371
293 375
294 229
294 235
294 371
294 375
295 229
295 235
295 371
295 375
296 229
296 235
296 371
296 375
297 229
297 235
297 371
297 375
298 229
298 235
298 369
298 371
298 375
299 229
299 235
299 368
299 371
299 375
300 229
300 235
300 369
300 372
300 375
301 229
301 235
301 369
301 372
301 375
302 229
302 235
302 369
302 372
302 375
303 229
303 235
303 369
303 372
303 375
304 229
304 235
304 369
304 372
304 375
305 228
305 236
305 370
305 373
305 376
306 229
306 236
306 370
306 373
306 376
307 229
307 236
307 370
307 373
307 376
308 229
308 236
308 367
308 370
308 373
308 376
309 229
309 236
309 238
309 367
309 370
309 376
310 229
310 236
310 367
310 370
310 376
311 229
311 236
311 370
311 376
312 229
312 236
312 370
312 376
313 229
313 236
313 370
313 376
314 229
314 236
314 370
314 376
315 229
315 236
315 370
315 376
316 229
316 236
316 370
316 376
317 229
317 236
317 370
317 376
318 229
318 236
318 370
318 376
319 229
319 236
319 370
319 376
320 229
320 236
320 370
320 376
321 229
321 236
321 370
321 376
322 229
322 236
322 370
322 376
323 229
323 236
323 369
323 376
324 229
324 236
324 369
324 376
325 229
325 236
325 369
325 376
326 229
326 236
326 369
326 376
327 229
327 236
327 369
327 376
328 229
328 236
328 369
328 376
329 229
329 236
329 369
329 376
330 229
330 236
330 369
330 376
331 229
331 236
331 369
331 376
332 229
332 236
332 368
332 376
333 229
333 236
333 368
333 376
334 229
334 236
334 369
334 376
335 229
335 236
335 369
335 376
336 229
336 236
336 369
336 376
337 229
337 236
337 371
337 376
338 229
338 236
338 370
338 376
339 229
339 236
339 370
339 376
340 229
340 236
340 370
340 376
341 229
341 236
341 369
341 373
341 376
342 229
342 236
342 369
342 373
342 376
343 229
343 236
343 369
343 373
343 376
344 229
344 236
344 369
344 373
344 376
345 229
345 236
345 370
345 373
345 376
346 229
346 236
346 370
346 373
346 376
347 229
347 236
347 372
347 376
348 229
348 236
348 372
348 376
349 229
349 236
349 371
349 376
350 229
350 236
350 370
350 376
351 229
351 236
351 370
351 376
352 229
352 236
352 369
352 376
353 229
353 236
353 369
353 376
354 229
354 236
354 369
354 376
355 229
355 235
355 369
355 376
356 229
356 232
356 235
356 369
356 376
357 229
357 232
357 235
357 369
357 376
358 229
358 232
358 235
358 369
358 376
359 229
359 232
359 235
359 369
359 376
360 229
360 232
360 236
360 369
360 376
361 229
361 232
361 235
361 369
361 376
362 229
362 232
362 235
362 370
362 376
363 229
363 232
363 235
363 370
363 376
364 229
364 232
364 235
364 370
364 376
365 229
365 232
365 235
365 368
365 370
365 376
366 229
366 232
366 235
366 368
366 370
366 376
367 229
367 232
367 235
367 368
367 370
367 376
368 229
368 232
368 236
368 368
368 370
368 376
369 229
369 232
369 236
369 368
369 370
369 376
370 229
370 232
370 236
370 368
370 370
370 376
371 229
371 232
371 235
371 367
371 370
371 376
372 229
372 232
372 235
372 367
372 370
372 376
373 229
373 235
373 367
373 370
373 376
374 229
374 235
374 367
374 370
374 376
375 229
375 235
375 367
375 370
375 376
376 229
376 235
376 367
376 370
376 376
377 229
377 235
377 367
377 370
377 376
378 229
378 236
378 367
378 370
378 376
379 229
379 235
379 367
379 370
379 376
380 229
380 235
380 367
380 371
380 376
381 229
381 232
381 235
381 371
381 376
382 229
382 232
382 235
382 371
382 376
383 229
383 232
383 235
383 371
383 376
384 229
384 232
384 235
384 369
384 371
384 376
385 229
385 232
385 235
385 369
385 371
385 376
386 229
386 232
386 236
386 369
386 371
386 376
387 229
387 233
387 236
387 369
387 371
387 376
388 229
388 233
388 236
388 368
388 371
388 376
389 229
389 233
389 236
389 368
389 371
389 376
390 229
390 233
390 236
390 368
390 371
390 376
391 229
391 233
391 237
391 368
391 371
391 376
392 229
392 233
392 237
392 368
392 371
392 376
393 229
393 234
393 236
393 368
393 371
393 376
394 229
394 234
394 236
394 371
394 376
395 229
395 234
395 236
395 370
395 376
396 229
396 234
396 370
396 376
397 229
397 234
397 370
397 376
398 229
398 234
398 370
398 376
399 229
399 234
399 368
399 370
399 376
400 229
400 234
400 367
400 370
400 376
401 229
401 235
401 370
401 376
402 229
402 235
402 370
402 376
403 229
403 235
403 237
403 368
403 370
403 376
404 229
404 235
404 238
404 370
404 376
405 229
405 234
405 238
405 367
405 370
405 376
406 229
406 234
406 238
406 367
406 370
406 376
407 229
407 234
407 238
407 367
407 370
407 376
408 229
408 234
408 238
408 367
408 370
408 376
409 229
409 233
409 238
409 367
409 370
409 376
410 229
410 233
410 236
410 237
410 368
410 370
410 376
411 229
411 233
411 237
411 368
411 370
411 376
412 229
412 233
412 237
412 370
412 375
413 229
413 233
413 237
413 370
413 375
414 229
414 233
414 236
414 370
414 375
415 229
415 233
415 236
415 370
415 375
416 229
416 233
416 238
416 369
416 375
417 229
417 233
417 237
417 369
417 375
418 229
418 233
418 237
418 369
418 375
419 229
419 233
419 237
419 369
419 375
420 229
420 233
420 237
420 369
420 375
421 229
421 233
421 237
421 369
421 375
422 229
422 233
422 237
422 243
422 244
422 369
422 375
423 229
423 233
423 237
423 244
423 369
423 375
424 229
424 233
424 237
424 244
424 369
424 375
425 229
425 233
425 237
425 369
425 375
426 229
426 233
426 237
426 369
426 375
427 229
427 233
427 237
427 369
427 375
428 229
428 233
428 237
428 369
428 375
429 229
429 233
429 237
429 370
429 375
430 229
430 233
430 237
430 370
430 375
431 229
431 233
431 237
431 370
431 375
432 229
432 234
432 237
432 371
432 375
433 229
433 234
433 237
433 371
433 375
434 229
434 234
434 237
434 371
434 375
435 229
435 234
435 237
435 367
435 371
435 375
436 229
436 234
436 236
436 367
436 371
436 375
437 229
437 234
437 367
437 371
437 375
438 229
438 234
438 367
438 371
438 375
439 229
439 235
439 366
439 371
439 375
440 229
440 235
440 371
440 375
441 230
441 235
441 366
441 371
441 375
442 230
442 235
442 366
442 369
442 371
442 375
443 230
443 235
443 365
443 369
443 371
443 375
444 230
444 235
444 366
444 371
444 375
445 230
445 235
445 371
445 375
446 230
446 236
446 370
446 375
447 230
447 234
447 236
447 371
447 375
448 230
448 234
448 371
448 375
449 230
449 234
449 371
449 375
450 230
450 234
450 369
450 371
450 375
451 230
451 234
451 369
451 371
451 375
452 230
452 234
452 371
452 375
453 230
453 234
453 371
453 375
454 230
454 234
454 371
454 375
455 230
455 234
455 237
455 371
455 375
456 230
456 234
456 237
456 371
456 375
457 230
457 234
457 237
457 371
457 375
458 230
458 234
458 237
458 371
458 375
459 230
459 234
459 237
459 368
459 371
459 375
460 230
460 234
460 237
460 368
460 371
460 374
461 230
461 234
461 237
461 368
461 371
461 374
462 230
462 234
462 238
462 368
462 370
462 374
463 230
463 234
463 238
463 368
463 370
463 374
464 230
464 234
464 238
464 368
464 370
464 374
465 230
465 234
465 238
465 370
465 374
466 230
466 234
466 238
466 370
466 374
467 230
467 234
467 370
467 374
468 230
468 234
468 370
468 374
469 230
469 234
469 370
469 374
470 230
470 234
470 370
470 374
471 230
471 234
471 238
471 370
471 374
472 230
472 234
472 238
472 370
472 374
473 230
473 234
473 239
473 370
473 374
474 230
474 234
474 238
474 370
474 374
475 230
475 234
475 238
475 370
475 374
476 230
476 234
476 238
476 370
476 374
477 230
477 234
477 238
477 370
477 374
478 230
478 234
478 238
478 370
478 374
479 230
479 234
479 238
479 370
479 374
480 230
480 234
480 370
480 374
481 230
481 234
481 370
481 374
482 230
482 234
482 370
482 374
483 230
483 234
483 370
483 374
484 230
484 234
484 370
484 374
485 230
485 234
485 370
485 374
486 230
486 233
486 367
486 370
486 374
487 230
487 233
487 367
487 370
487 374
488 230
488 233
488 367
488 370
488 374
489 230
489 234
489 367
489 370
489 374
490 230
490 234
490 367
490 370
490 374
491 230
491 234
491 367
491 370
491 374
492 230
492 234
492 367
492 370
492 374
493 230
493 234
493 367
493 370
493 374
494 230
494 234
494 367
494 370
494 374
495 230
495 234
495 236
495 367
495 370
495 374
496 230
496 234
496 367
496 370
496 374
497 230
497 234
497 366
497 370
497 374
498 230
498 234
498 366
498 370
498 374
499 230
499 234
499 366
499 370
499 374
500 230
500 234
500 366
500 370
500 374
501 230
501 234
501 366
501 370
501 374
502 230
502 234
502 366
502 368
502 370
502 374
503 230
503 233
503 367
503 371
503 374
504 230
504 233
504 368
504 371
504 374
505 230
505 233
505 368
505 371
505 374
506 230
506 233
506 368
506 371
506 374
507 230
507 233
507 368
507 371
507 374
508 230
508 368
508 371
508 374
509 230
509 366
509 371
509 374
510 230
510 235
510 368
510 371
510 374
511 230
511 235
511 367
511 371
511 374
512 230
512 235
512 366
512 371
512 374
513 230
513 235
513 238
513 366
513 368
513 374
514 230
514 235
514 239
514 366
514 368
514 374
515 230
515 235
515 239
515 366
515 368
515 374
516 230
516 235
516 239
516 366
516 368
516 374
517 230
517 235
517 239
517 366
517 368
517 374
518 230
518 235
518 239
518 366
518 368
518 374
519 230
519 235
519 239
519 366
519 369
519 374
520 230
520 235
520 238
520 366
520 369
520 374
521 230
521 235
521 239
521 366
521 369
521 374
522 230
522 235
522 239
522 366
522 369
522 374
523 230
523 238
523 366
523 369
523 373
524 230
524 239
524 367
524 373
525 230
525 239
525 367
525 373
526 230
526 239
526 367
526 374
527 230
527 238
527 364
527 368
527 374
528 230
528 238
528 365
528 369
528 374
529 230
529 238
529 365
529 369
529 373
530 230
530 238
530 365
530 368
530 374
531 230
531 232
531 238
531 365
531 369
531 374
532 230
532 232
532 235
532 238
532 364
532 368
532 374
533 230
533 232
533 235
533 364
533 368
533 374
534 230
534 232
534 235
534 364
534 368
534 374
535 230
535 232
535 236
535 364
535 368
535 374
536 230
536 233
536 235
536 236
536 364
536 368
536 374
537 230
537 233
537 235
537 236
537 364
537 368
537 371
537 374
538 230
538 233
538 236
538 363
538 368
538 371
538 374
539 230
539 233
539 236
539 363
539 368
539 371
539 374
540 230
540 233
540 236
540 362
540 367
540 370
540 373
541 230
541 233
541 236
541 362
541 367
541 370
541 373
542 230
542 233
542 236
542 362
542 366
542 370
542 373
543 231
543 233
543 237
543 362
543 365
543 370
543 373
544 231
544 233
544 237
544 243
544 361
544 365
544 369
544 373
545 231
545 233
545 237
545 244
545 268
545 281
545 282
545 283
545 287
545 288
545 314
545 315
545 361
545 369
545 373
546 231
546 233
546 235
546 237
546 247
546 248
546 259
546 260
546 261
546 262
546 263
546 264
546 265
546 266
546 267
546 268
546 269
546 270
546 271
546 272
546 273
546 274
546 275
546 276
546 278
546 279
546 284
546 285
546 286
546 289
546 290
546 291
546 292
546 293
546 294
546 295
546 296
546 297
546 313
546 315
546 318
546 320
546 321
546 322
546 323
546 324
546 325
546 327
546 328
546 329
546 332
546 333
546 334
546 355
546 356
546 357
546 358
546 359
546 361
546 368
546 373
547 231
547 235
547 237
547 243
547 244
547 248
547 253
547 254
547 255
547 256
547 257
547 258
547 276
547 277
547 278
547 281
547 282
547 283
547 287
547 288
547 313
547 314
547 315
547 318
547 319
547 338
547 340
547 341
547 342
547 344
547 345
547 346
547 360
547 361
547 368
547 373
548 231
548 234
548 237
548 245
548 249
548 250
548 251
548 252
548 253
548 258
548 263
548 264
548 265
548 266
548 267
548 268
548 269
548 270
548 271
548 272
548 273
548 274
548 275
548 278
548 279
548 280
548 285
548 286
548 290
548 291
548 292
548 293
548 294
548 295
548 296
548 321
548 322
548 323
548 327
548 328
548 339
548 340
548 342
548 343
548 347
548 348
548 349
548 355
548 356
548 357
548 368
548 373
549 231
549 234
549 237
549 245
549 248
549 249
549 257
549 258
549 259
549 260
549 261
549 262
549 300
549 301
549 302
549 345
549 346
549 347
549 352
549 353
549 354
549 359
549 368
549 373
550 231
550 234
550 237
550 238
550 244
550 245
550 246
550 248
550 251
550 255
550 256
550 257
550 267
550 268
550 270
550 271
550 272
550 342
550 350
550 354
550 355
550 356
550 357
550 358
550 359
550 365
550 368
550 372
551 231
551 234
551 237
551 238
551 243
551 244
551 248
551 253
551 254
551 258
551 264
551 265
551 266
551 269
551 273
551 303
551 304
551 305
551 337
551 338
551 339
551 340
551 341
551 344
551 345
551 346
551 347
551 348
551 351
551 352
551 365
551 368
551 372
552 231
552 234
552 237
552 242
552 243
552 247
552 248
552 251
552 252
552 255
552 258
552 259
552 260
552 261
552 262
552 263
552 264
552 271
552 273
552 283
552 284
552 285
552 286
552 287
552 288
552 289
552 290
552 291
552 292
552 293
552 294
552 295
552 296
552 297
552 298
552 299
552 300
552 302
552 305
552 306
552 307
552 308
552 309
552 310
552 311
552 312
552 313
552 314
552 315
552 316
552 317
552 318
552 319
552 320
552 334
552 335
552 336
552 342
552 348
552 353
552 354
552 358
552 359
552 360
552 365
552 368
552 371
553 231
553 234
553 237
553 242
553 246
553 247
553 250
553 265
553 266
553 283
553 300
553 304
553 321
553 322
553 323
553 324
553 325
553 343
553 344
553 345
553 346
553 347
553 348
553 354
553 362
553 363
553 364
553 368
553 371
554 231
554 234
554 238
554 243
554 245
554 246
554 248
554 250
554 254
554 264
554 265
554 266
554 267
554 269
554 270
554 271
554 272
554 276
554 277
554 278
554 279
554 301
554 305
554 325
554 326
554 327
554 328
554 329
554 334
554 335
554 341
554 355
554 356
554 357
554 358
554 368
554 371
554 373
555 231
555 235
555 238
555 241
555 245
555 249
555 254
555 256
555 267
555 274
555 275
555 280
555 281
555 282
555 283
555 284
555 285
555 286
555 287
555 289
555 291
555 292
555 293
555 294
555 295
555 296
555 297
555 298
555 300
555 301
555 304
555 312
555 313
555 319
555 329
555 337
555 339
555 341
555 360
555 364
555 368
555 370
555 371
555 373
556 231
556 235
556 240
556 241
556 244
556 245
556 249
556 253
556 254
556 255
556 256
556 268
556 269
556 272
556 273
556 290
556 300
556 303
556 304
556 312
556 317
556 324
556 325
556 326
556 328
556 329
556 335
556 339
556 341
556 359
556 361
556 363
556 364
556 368
556 370
556 373
557 232
557 234
557 240
557 243
557 244
557 248
557 250
557 251
557 252
557 266
557 271
557 274
557 275
557 279
557 280
557 300
557 304
557 312
557 320
557 321
557 322
557 323
557 324
557 328
557 332
557 336
557 337
557 338
557 339
557 341
557 359
557 363
557 365
557 368
557 370
557 373
558 232
558 234
558 240
558 243
558 247
558 268
558 269
558 271
558 273
558 275
558 276
558 281
558 282
558 283
558 284
558 285
558 286
558 296
558 297
558 298
558 300
558 302
558 303
558 305
558 306
558 316
558 317
558 318
558 319
558 320
558 327
558 331
558 339
558 340
558 341
558 360
558 361
558 363
558 365
558 367
558 370
558 373
559 232
559 237
559 238
559 239
559 240
559 243
559 247
559 252
559 253
559 276
559 277
559 278
559 290
559 291
559 292
559 293
559 294
559 295
559 299
559 300
559 304
559 308
559 309
559 310
559 311
559 312
559 313
559 322
559 323
559 324
559 327
559 330
559 360
559 363
559 367
559 369
559 372
560 232
560 235
560 242
560 246
560 247
560 248
560 250
560 251
560 252
560 266
560 267
560 268
560 269
560 273
560 278
560 279
560 280
560 284
560 285
560 286
560 287
560 288
560 301
560 305
560 306
560 314
560 315
560 316
560 322
560 327
560 328
560 329
560 360
560 367
560 369
560 372
561 232
561 233
561 235
561 241
561 242
561 245
561 246
561 250
561 270
561 271
561 280
561 281
561 289
561 290
561 291
561 292
561 293
561 294
561 295
561 296
561 297
561 298
561 299
561 302
561 304
561 308
561 309
561 310
561 317
561 318
561 319
561 320
561 321
561 322
561 360
561 362
561 367
561 369
561 372
562 233
562 236
562 237
562 241
562 244
562 245
562 267
562 268
562 281
562 282
562 283
562 285
562 286
562 297
562 299
562 302
562 303
562 306
562 307
562 314
562 315
562 316
562 317
562 361
562 367
562 372
563 234
563 237
563 238
563 242
563 243
563 244
563 251
563 252
563 253
563 283
563 284
563 287
563 288
563 289
563 292
563 294
563 295
563 296
563 297
563 299
563 302
563 303
563 305
563 308
563 309
563 310
563 311
563 312
563 313
563 360
563 361
563 366
563 369
563 371
564 232
564 235
564 238
564 239
564 240
564 245
564 250
564 251
564 276
564 277
564 290
564 291
564 293
564 294
564 297
564 299
564 301
564 302
564 306
564 307
564 353
564 360
564 366
564 367
564 371
565 233
565 236
565 237
565 240
565 241
565 250
565 277
565 278
565 297
565 298
565 299
565 307
565 309
565 310
565 311
565 312
565 313
565 314
565 353
565 355
565 356
565 359
565 360
565 365
565 371
566 233
566 239
566 242
566 243
566 244
566 249
566 250
566 256
566 278
566 300
566 301
566 302
566 303
566 304
566 305
566 306
566 353
566 354
566 359
566 364
566 367
566 368
566 371
567 234
567 238
567 239
567 241
567 244
567 245
567 246
567 251
567 255
567 256
567 257
567 351
567 352
567 353
567 359
567 360
567 362
567 363
567 366
567 370
567 371
568 234
568 239
568 240
568 243
568 246
568 248
568 251
568 252
568 253
568 254
568 255
568 344
568 345
568 346
568 347
568 348
568 349
568 350
568 361
568 362
568 365
568 370
569 234
569 235
569 240
569 241
569 242
569 254
569 256
569 271
569 272
569 273
569 340
569 341
569 342
569 343
569 353
569 354
569 355
569 356
569 359
569 362
569 366
569 369
569 370
570 235
570 236
570 242
570 243
570 244
570 254
570 267
570 268
570 269
570 270
570 274
570 275
570 337
570 338
570 339
570 351
570 352
570 359
570 362
570 363
570 364
570 368
570 369
571 236
571 237
571 241
571 245
571 246
571 247
571 248
571 251
571 254
571 275
571 276
571 277
571 278
571 279
571 332
571 333
571 334
571 335
571 336
571 348
571 349
571 350
571 354
571 360
571 361
571 362
571 367
571 368
572 237
572 238
572 248
572 249
572 250
572 251
572 280
572 281
572 282
572 283
572 284
572 285
572 286
572 287
572 290
572 291
572 292
572 293
572 299
572 326
572 327
572 328
572 329
572 344
572 345
572 346
572 347
572 358
572 359
572 366
572 367
573 238
573 239
573 251
573 252
573 253
573 254
573 255
573 288
573 289
573 294
573 295
573 296
573 297
573 299
573 326
573 330
573 339
573 340
573 341
573 342
573 343
573 348
573 354
573 355
573 356
573 357
573 365
573 366
574 239
574 240
574 245
574 251
574 256
574 257
574 258
574 259
574 297
574 298
574 299
574 330
574 331
574 332
574 333
574 334
574 335
574 336
574 337
574 338
574 351
574 352
574 353
574 354
574 364
574 365
575 240
575 241
575 242
575 247
575 248
575 251
575 260
575 261
575 262
575 263
575 264
575 308
575 309
575 310
575 311
575 312
575 313
575 314
575 315
575 316
575 317
575 318
575 319
575 320
575 321
575 322
575 323
575 324
575 325
575 326
575 328
575 329
575 347
575 348
575 349
575 350
575 362
575 363
575 364
576 242
576 243
576 244
576 251
576 257
576 265
576 266
576 267
576 268
576 269
576 271
576 273
576 342
576 343
576 344
576 345
576 346
576 355
576 361
576 362
577 244
577 245
577 246
577 253
577 254
577 255
577 256
577 261
577 262
577 270
577 272
577 273
577 274
577 275
577 276
577 277
577 278
577 279
577 280
577 281
577 333
577 335
577 336
577 337
577 338
577 339
577 340
577 341
577 352
577 359
577 360
578 246
578 247
578 253
578 257
578 265
578 266
578 282
578 283
578 284
578 285
578 286
578 287
578 288
578 289
578 290
578 291
578 292
578 326
578 327
578 328
578 329
578 330
578 331
578 332
578 333
578 334
578 346
578 347
578 348
578 356
578 357
578 358
578 359
579 248
579 249
579 250
579 259
579 260
579 261
579 262
579 263
579 273
579 274
579 276
579 293
579 294
579 295
579 296
579 297
579 298
579 299
579 300
579 301
579 302
579 303
579 304
579 305
579 306
579 307
579 308
579 309
579 310
579 311
579 312
579 313
579 314
579 315
579 316
579 317
579 318
579 319
579 320
579 321
579 322
579 323
579 324
579 325
579 342
579 343
579 344
579 345
579 355
579 356
580 251
580 252
580 253
580 264
580 266
580 267
580 268
580 269
580 270
580 271
580 272
580 283
580 284
580 336
580 337
580 338
580 339
580 340
580 341
580 352
580 353
580 354
581 253
581 254
581 255
581 256
581 257
581 272
581 273
581 274
581 275
581 276
581 277
581 278
581 291
581 292
581 293
581 309
581 325
581 326
581 327
581 328
581 329
581 330
581 331
581 332
581 333
581 347
581 348
581 349
581 350
581 351
582 257
582 258
582 259
582 260
582 261
582 279
582 280
582 281
582 282
582 283
582 284
582 297
582 298
582 299
582 300
582 302
582 303
582 304
582 309
582 343
582 344
582 345
582 346
582 347
583 262
583 263
583 264
583 265
583 266
583 285
583 286
583 287
583 288
583 289
583 294
583 295
583 296
583 301
583 305
583 306
583 307
583 308
583 309
583 310
583 311
583 312
583 313
583 314
583 315
583 338
583 339
583 340
583 341
583 342
583 343
584 267
584 268
584 269
584 270
584 271
584 272
584 296
584 329
584 333
584 334
584 335
584 336
584 337
584 338
585 272
585 273
585 274
585 275
585 276
585 277
585 278
585 280
585 281
585 282
585 283
585 287
585 318
585 322
585 323
585 324
585 325
585 327
585 328
585 330
585 331
585 332
586 279
586 284
586 285
586 286
586 288
586 289
586 290
586 291
586 292
586 293
586 294
586 295
586 298
586 299
586 300
586 301
586 304
586 305
586 306
586 307
586 310
586 311
586 312
586 313
586 314
586 315
586 316
586 317
586 319
586 320
586 321
586 326
587 296
587 297
587 302
587 303
587 308
587 309
