633 510
45 254
45 255
45 256
45 257
45 258
45 259
45 260
45 261
45 262
45 263
45 264
45 265
45 266
45 267
45 268
45 269
45 270
45 271
46 244
46 245
46 246
46 247
46 248
46 249
46 250
46 251
46 252
46 253
46 272
46 273
46 274
46 275
46 282
46 283
47 239
47 240
47 241
47 242
47 243
47 276
47 277
47 278
47 279
47 284
47 285
48 235
48 236
48 237
48 238
48 250
48 251
48 269
48 270
48 280
48 281
48 282
48 286
48 287
49 234
49 235
49 247
49 248
49 249
49 250
49 283
49 288
49 289
49 290
50 232
50 233
50 234
50 238
50 242
50 243
50 245
50 246
50 272
50 273
50 274
50 275
50 276
50 290
50 291
50 292
51 231
51 232
51 237
51 289
51 292
51 293
51 294
52 230
52 231
52 237
52 284
52 285
52 289
52 294
52 295
53 229
53 230
53 232
53 237
53 245
53 246
53 247
53 248
53 249
53 255
53 256
53 257
53 258
53 259
53 260
53 261
53 262
53 263
53 264
53 265
53 266
53 267
53 268
53 285
53 288
53 289
53 295
53 296
54 228
54 229
54 232
54 233
54 237
54 238
54 239
54 245
54 250
54 251
54 252
54 271
54 272
54 273
54 274
54 275
54 276
54 287
54 288
54 296
54 297
55 227
55 228
55 233
55 234
55 239
55 240
55 255
55 256
55 257
55 258
55 259
55 260
55 261
55 262
55 263
55 264
55 265
55 266
55 278
55 279
55 280
55 286
55 287
55 290
55 292
55 293
55 294
55 295
55 297
56 227
56 241
56 242
56 250
56 251
56 252
56 253
56 254
56 267
56 268
56 269
56 270
56 271
56 272
56 273
56 274
56 275
56 276
56 283
56 284
56 285
56 288
56 289
56 290
56 291
56 294
56 297
56 298
57 227
57 235
57 238
57 277
57 283
57 288
57 298
58 226
58 235
58 236
58 237
58 240
58 241
58 242
58 243
58 244
58 245
58 280
58 281
58 282
58 283
58 287
58 288
58 298
59 226
59 233
59 234
59 237
59 238
59 239
59 246
59 247
59 248
59 249
59 250
59 251
59 252
59 253
59 254
59 255
59 274
59 275
59 276
59 277
59 278
59 279
59 284
59 285
59 286
59 287
59 298
60 226
60 231
60 232
60 240
60 241
60 242
60 243
60 244
60 245
60 256
60 257
60 258
60 259
60 260
60 261
60 262
60 263
60 264
60 265
60 266
60 267
60 268
60 269
60 270
60 271
60 272
60 273
60 280
60 281
60 282
60 283
60 284
60 299
61 226
61 230
61 231
61 246
61 247
61 248
61 249
61 250
61 251
61 252
61 253
61 254
61 274
61 275
61 276
61 277
61 278
61 279
61 298
62 226
62 229
62 230
62 255
62 256
62 257
62 258
62 259
62 260
62 261
62 262
62 263
62 264
62 265
62 266
62 267
62 268
62 269
62 270
62 271
62 272
62 273
62 282
62 285
62 286
62 287
62 288
62 298
63 226
63 227
63 277
63 278
63 279
63 280
63 281
63 283
63 284
63 288
63 289
63 298
64 227
64 228
64 289
64 297
64 298
65 228
65 229
65 278
65 279
65 285
65 286
65 289
65 290
65 297
66 229
66 230
66 280
66 281
66 284
66 290
66 295
66 296
66 297
67 229
67 232
67 280
67 290
67 294
67 295
68 229
68 230
68 231
68 232
68 233
68 234
68 235
68 280
68 288
68 289
68 290
68 295
69 229
69 235
69 236
69 279
69 285
69 286
69 287
69 288
69 294
70 229
70 279
70 280
70 281
70 282
70 283
70 284
70 295
71 228
71 229
71 233
71 234
71 235
71 236
71 295
72 227
72 228
72 232
72 233
72 295
72 296
73 227
73 232
73 285
73 286
73 287
73 296
74 226
74 227
74 232
74 280
74 281
74 282
74 283
74 284
74 287
74 296
74 297
75 226
75 232
75 279
75 287
75 297
75 298
76 225
76 226
76 231
76 232
76 277
76 278
76 284
76 286
76 287
76 298
77 225
77 231
77 277
77 279
77 280
77 281
77 282
77 283
77 284
77 285
77 286
77 287
77 298
77 299
78 225
78 231
78 277
78 287
78 299
79 225
79 230
79 231
79 277
79 287
79 299
80 225
80 230
80 277
80 287
80 300
81 225
81 229
81 230
81 277
81 288
81 300
82 225
82 226
82 229
82 277
82 278
82 288
82 289
82 299
83 226
83 227
83 278
83 289
83 298
83 299
84 227
84 278
84 289
84 297
84 298
85 227
85 229
85 230
85 231
85 279
85 288
85 289
85 290
85 294
85 297
86 227
86 279
86 283
86 284
86 285
86 290
86 293
86 294
86 297
87 226
87 230
87 231
87 279
87 288
87 289
87 290
87 292
87 295
87 297
88 226
88 229
88 232
88 233
88 234
88 279
88 280
88 283
88 284
88 285
88 286
88 287
88 297
89 226
89 229
89 235
89 236
89 280
89 281
89 282
89 297
90 226
90 229
90 243
90 244
90 245
90 246
90 247
90 248
90 249
90 250
90 251
90 252
90 253
90 254
90 255
90 256
90 257
90 258
90 259
90 260
90 261
90 262
90 263
90 264
90 265
90 266
90 267
90 268
90 269
90 270
90 271
90 272
90 273
90 274
90 275
90 276
90 283
90 284
90 285
90 286
90 287
90 288
90 297
91 226
91 229
91 278
91 279
91 280
91 281
91 282
91 288
91 297
92 226
92 229
92 250
92 251
92 252
92 253
92 254
92 255
92 256
92 257
92 258
92 259
92 260
92 278
92 288
92 289
92 297
93 226
93 229
93 279
93 284
93 285
93 286
93 287
93 289
93 297
94 225
94 229
94 278
94 279
94 280
94 281
94 282
94 283
94 289
94 298
95 225
95 228
95 276
95 278
95 286
95 289
95 298
96 225
96 228
96 278
96 286
96 289
96 298
97 225
97 228
97 279
97 286
97 289
97 298
98 225
98 228
98 279
98 286
98 289
98 298
99 225
99 228
99 278
99 286
99 289
99 298
100 224
100 228
100 278
100 286
100 289
100 299
101 224
101 227
101 278
101 286
101 289
101 299
102 224
102 227
102 279
102 287
102 289
102 299
103 224
103 227
103 279
103 287
103 289
103 299
104 224
104 227
104 279
104 287
104 290
104 299
105 223
105 227
105 279
105 287
105 290
105 300
106 223
106 227
106 279
106 287
106 290
106 300
107 223
107 226
107 279
107 287
107 290
107 300
108 223
108 226
108 279
108 287
108 290
108 300
109 223
109 226
109 279
109 287
109 290
109 300
110 223
110 226
110 279
110 287
110 290
110 301
111 222
111 226
111 279
111 287
111 290
111 301
112 222
112 226
112 279
112 288
112 290
112 301
113 222
113 226
113 279
113 288
113 290
113 301
114 222
114 225
114 279
114 290
114 301
115 222
115 225
115 280
115 291
115 301
116 222
116 225
116 280
116 288
116 291
116 302
117 221
117 225
117 280
117 288
117 291
117 302
118 221
118 225
118 280
118 288
118 291
118 302
119 221
119 224
119 280
119 288
119 291
119 302
120 221
120 224
120 280
120 288
120 291
120 302
121 221
121 224
121 280
121 289
121 292
121 296
121 303
122 221
122 224
122 280
122 289
122 292
122 296
122 303
123 220
123 224
123 280
123 289
123 292
123 297
123 303
124 220
124 224
124 280
124 289
124 292
124 297
124 303
125 220
125 223
125 280
125 289
125 292
125 297
125 303
126 220
126 223
126 280
126 289
126 292
126 297
126 304
127 220
127 223
127 280
127 289
127 293
127 298
127 304
128 220
128 223
128 280
128 289
128 293
128 298
128 299
128 304
129 219
129 223
129 280
129 290
129 293
129 304
130 219
130 223
130 280
130 290
130 293
130 304
131 219
131 223
131 281
131 290
131 293
131 304
132 219
132 222
132 281
132 290
132 293
132 305
133 219
133 222
133 281
133 290
133 293
133 305
134 218
134 222
134 281
134 290
134 294
134 305
135 218
135 222
135 281
135 291
135 294
135 305
136 218
136 222
136 281
136 291
136 294
136 305
137 218
137 221
137 281
137 291
137 294
137 305
138 218
138 221
138 281
138 291
138 294
138 306
139 218
139 221
139 281
139 291
139 294
139 306
140 217
140 221
140 281
140 291
140 294
140 306
141 217
141 221
141 281
141 291
141 294
141 306
142 217
142 221
142 281
142 291
142 295
142 306
143 217
143 221
143 281
143 291
143 295
143 306
144 217
144 220
144 281
144 291
144 295
144 307
145 217
145 220
145 281
145 291
145 295
145 307
146 216
146 220
146 281
146 292
146 295
146 307
147 216
147 220
147 281
147 292
147 295
147 307
148 216
148 220
148 281
148 292
148 295
148 307
149 216
149 220
149 281
149 292
149 296
149 308
150 216
150 220
150 281
150 293
150 296
150 308
151 216
151 219
151 281
151 293
151 296
151 308
152 215
152 219
152 281
152 293
152 296
152 308
153 215
153 219
153 282
153 293
153 296
153 308
154 215
154 219
154 282
154 293
154 296
154 308
155 215
155 219
155 282
155 293
155 296
155 308
156 215
156 219
156 282
156 293
156 297
156 309
157 215
157 219
157 282
157 293
157 297
157 309
158 214
158 218
158 282
158 294
158 297
158 309
159 214
159 218
159 282
159 294
159 297
159 309
160 214
160 218
160 282
160 294
160 297
160 309
161 214
161 218
161 282
161 294
161 297
161 309
162 214
162 218
162 282
162 294
162 297
162 310
163 213
163 218
163 282
163 294
163 297
163 310
164 213
164 218
164 282
164 294
164 297
164 310
165 213
165 217
165 282
165 294
165 298
165 310
166 213
166 217
166 282
166 294
166 298
166 310
167 213
167 217
167 282
167 295
167 298
167 310
168 213
168 217
168 282
168 294
168 298
168 311
169 212
169 217
169 282
169 295
169 298
169 311
170 212
170 217
170 282
170 295
170 298
170 311
171 212
171 217
171 283
171 295
171 298
171 311
172 212
172 217
172 283
172 294
172 298
172 311
173 212
173 217
173 283
173 294
173 298
173 311
174 212
174 216
174 283
174 294
174 299
174 312
175 211
175 216
175 283
175 294
175 296
175 299
175 312
176 211
176 216
176 283
176 295
176 299
176 312
177 211
177 216
177 283
177 295
177 299
177 312
178 211
178 216
178 284
178 295
178 299
178 312
179 211
179 216
179 284
179 296
179 299
179 312
180 211
180 215
180 284
180 296
180 299
180 312
181 210
181 215
181 284
181 296
181 299
181 313
182 210
182 215
182 284
182 296
182 299
182 313
183 210
183 215
183 284
183 296
183 299
183 313
184 210
184 215
184 285
184 296
184 300
184 313
185 210
185 215
185 285
185 297
185 300
185 313
186 210
186 215
186 285
186 297
186 300
186 313
187 210
187 215
187 285
187 296
187 300
187 313
188 209
188 214
188 285
188 297
188 300
188 313
189 209
189 214
189 285
189 297
189 300
189 314
190 209
190 214
190 285
190 297
190 300
190 314
191 209
191 214
191 285
191 297
191 301
191 314
192 209
192 214
192 285
192 298
192 301
192 314
193 209
193 214
193 285
193 298
193 301
193 314
194 209
194 214
194 285
194 298
194 301
194 314
195 209
195 214
195 285
195 298
195 301
195 314
196 208
196 214
196 285
196 298
196 301
196 314
197 208
197 214
197 285
197 298
197 301
197 314
198 208
198 213
198 285
198 298
198 301
198 315
199 208
199 213
199 285
199 298
199 301
199 315
200 208
200 213
200 285
200 298
200 301
200 315
201 208
201 213
201 286
201 298
201 301
201 315
202 208
202 213
202 286
202 298
202 301
202 315
203 208
203 213
203 286
203 298
203 301
203 315
204 208
204 213
204 286
204 298
204 301
204 315
205 208
205 213
205 286
205 298
205 301
205 315
206 207
206 213
206 286
206 298
206 302
206 315
207 207
207 213
207 286
207 298
207 302
207 316
208 207
208 213
208 286
208 297
208 299
208 302
208 316
209 207
209 213
209 286
209 297
209 299
209 302
209 316
210 207
210 213
210 286
210 299
210 302
210 316
211 207
211 213
211 286
211 299
211 302
211 316
212 207
212 212
212 286
212 299
212 302
212 316
213 207
213 212
213 286
213 299
213 302
213 316
214 207
214 212
214 286
214 298
214 302
214 316
215 206
215 211
215 212
215 286
215 298
215 302
215 317
216 206
216 211
216 287
216 299
216 302
216 317
217 206
217 211
217 287
217 299
217 302
217 317
218 206
218 210
218 287
218 299
218 302
218 317
219 206
219 210
219 287
219 299
219 302
219 317
220 206
220 210
220 287
220 302
220 317
221 205
221 210
221 287
221 302
221 317
222 205
222 210
222 287
222 302
222 318
223 205
223 209
223 287
223 302
223 318
224 204
224 209
224 287
224 302
224 318
225 204
225 209
225 287
225 303
225 318
226 204
226 209
226 287
226 303
226 319
227 203
227 209
227 287
227 303
227 319
228 203
228 208
228 287
228 303
228 320
229 203
229 208
229 287
229 303
229 320
230 202
230 208
230 287
230 303
230 320
230 321
231 202
231 208
231 287
231 304
231 321
232 201
232 202
232 207
232 287
232 301
232 304
232 321
232 322
233 201
233 207
233 288
233 301
233 304
233 322
234 200
234 201
234 207
234 288
234 301
234 304
234 322
234 323
235 199
235 200
235 207
235 288
235 301
235 304
235 323
236 199
236 206
236 288
236 301
236 304
236 323
236 324
237 198
237 199
237 206
237 288
237 301
237 304
237 324
237 325
238 197
238 198
238 205
238 288
238 304
238 325
239 196
239 197
239 205
239 288
239 304
239 325
239 326
240 196
240 204
240 205
240 289
240 305
240 322
240 326
240 327
241 195
241 196
241 204
241 289
241 305
241 327
242 194
242 195
242 203
242 204
242 289
242 305
242 327
242 328
243 193
243 194
243 203
243 289
243 305
243 328
243 329
244 193
244 203
244 288
244 305
244 329
245 192
245 193
245 203
245 288
245 306
245 329
245 330
246 191
246 192
246 203
246 288
246 306
246 330
246 331
247 191
247 202
247 203
247 288
247 306
247 331
247 332
248 190
248 191
248 201
248 202
248 288
248 306
248 332
249 189
249 190
249 201
249 288
249 306
249 332
249 333
250 188
250 189
250 201
250 288
250 306
250 333
250 334
251 188
251 197
251 200
251 288
251 306
251 334
252 187
252 188
252 197
252 200
252 288
252 307
252 334
252 335
253 186
253 187
253 196
253 199
253 200
253 287
253 307
253 335
253 336
254 186
254 196
254 199
254 287
254 307
254 336
254 337
255 185
255 186
255 195
255 196
255 199
255 287
255 308
255 337
256 185
256 194
256 195
256 198
256 287
256 308
256 337
256 338
257 184
257 185
257 194
257 198
257 288
257 308
257 338
257 339
258 183
258 184
258 193
258 194
258 197
258 198
258 288
258 309
258 339
259 183
259 192
259 193
259 197
259 288
259 309
259 336
259 339
259 340
260 182
260 183
260 192
260 196
260 197
260 288
260 310
260 336
260 340
260 341
261 181
261 182
261 192
261 196
261 288
261 310
261 336
261 337
261 341
262 181
262 191
262 195
262 196
262 288
262 310
262 337
262 341
262 342
263 180
263 181
263 190
263 191
263 195
263 289
263 311
263 342
263 343
264 180
264 190
264 195
264 289
264 311
264 343
265 179
265 180
265 189
265 190
265 194
265 195
265 290
265 311
265 343
265 344
266 179
266 189
266 193
266 194
266 290
266 312
266 344
267 178
267 179
267 188
267 189
267 193
267 290
267 312
267 313
267 344
267 345
268 178
268 187
268 188
268 193
268 290
268 313
268 345
269 177
269 178
269 187
269 192
269 291
269 313
269 314
269 345
269 346
270 177
270 186
270 192
270 291
270 314
270 346
271 176
271 186
271 191
271 192
271 291
271 314
271 315
271 346
271 347
272 176
272 185
272 186
272 190
272 191
272 291
272 315
272 347
273 176
273 185
273 189
273 190
273 291
273 316
273 347
274 175
274 184
274 188
274 189
274 292
274 316
274 348
275 175
275 184
275 187
275 188
275 292
275 316
275 317
275 348
276 175
276 184
276 186
276 187
276 292
276 317
276 348
277 174
277 186
277 292
277 293
277 317
277 318
277 349
278 174
278 185
278 293
278 318
278 349
279 174
279 185
279 293
279 318
279 319
279 349
280 174
280 184
280 185
280 293
280 294
280 319
280 320
280 349
281 174
281 184
281 294
281 320
281 349
282 173
282 183
282 295
282 320
282 321
282 349
283 173
283 183
283 295
283 321
283 322
283 350
284 173
284 183
284 295
284 322
284 350
285 173
285 182
285 296
285 298
285 322
285 323
285 350
286 173
286 182
286 296
286 297
286 323
286 324
286 350
287 173
287 182
287 297
287 298
287 324
287 325
287 350
288 173
288 181
288 298
288 325
288 350
289 173
289 181
289 298
289 299
289 325
289 326
289 350
290 173
290 181
290 275
290 277
290 299
290 300
290 326
290 351
291 173
291 181
291 275
291 277
291 300
291 326
291 327
291 351
292 172
292 181
292 275
292 277
292 300
292 301
292 327
292 351
293 172
293 181
293 275
293 277
293 301
293 327
293 351
294 172
294 181
294 275
294 277
294 302
294 328
294 351
295 172
295 180
295 275
295 277
295 302
295 328
295 351
296 172
296 180
296 275
296 277
296 303
296 329
296 351
297 172
297 180
297 275
297 277
297 303
297 329
297 351
298 172
298 180
298 275
298 277
298 303
298 329
298 351
299 172
299 180
299 277
299 303
299 329
299 351
300 172
300 180
300 274
300 276
300 304
300 329
300 351
301 172
301 180
301 274
301 276
301 304
301 329
301 351
302 172
302 180
302 273
302 304
302 329
302 351
303 172
303 180
303 305
303 330
303 351
304 172
304 180
304 305
304 330
304 351
305 172
305 180
305 305
305 330
305 351
306 172
306 180
306 305
306 330
306 351
307 172
307 181
307 305
307 330
307 350
308 172
308 181
308 305
308 330
308 350
309 173
309 181
309 305
309 330
309 350
310 173
310 181
310 306
310 329
310 350
311 173
311 181
311 306
311 329
311 350
312 173
312 181
312 306
312 329
312 350
313 173
313 181
313 306
313 329
313 350
314 173
314 181
314 306
314 329
314 350
315 173
315 181
315 306
315 329
315 350
316 173
316 181
316 306
316 329
316 350
317 173
317 181
317 306
317 329
317 350
318 173
318 181
318 306
318 319
318 328
318 350
319 173
319 181
319 306
319 317
319 318
319 319
319 327
319 328
319 350
320 173
320 181
320 306
320 314
320 315
320 316
320 317
320 326
320 327
320 350
321 173
321 181
321 306
321 320
321 321
321 322
321 323
321 324
321 325
321 350
322 173
322 181
322 306
322 317
322 318
322 319
322 320
322 327
322 328
322 350
323 173
323 181
323 306
323 314
323 315
323 316
323 317
323 324
323 325
323 328
323 350
324 173
324 181
324 305
324 308
324 309
324 310
324 311
324 312
324 313
324 320
324 321
324 322
324 323
324 328
324 350
325 173
325 181
325 304
325 305
325 306
325 307
325 316
325 317
325 318
325 319
325 320
325 329
325 350
326 173
326 181
326 303
326 304
326 310
326 311
326 312
326 313
326 314
326 315
326 329
326 349
327 173
327 181
327 303
327 306
327 307
327 308
327 309
327 329
327 349
328 173
328 181
328 302
328 303
328 304
328 329
328 349
329 173
329 181
329 304
329 305
329 329
329 349
330 173
330 181
330 305
330 329
330 349
331 173
331 181
331 305
331 329
331 349
332 173
332 181
332 305
332 329
332 349
333 173
333 181
333 305
333 329
333 349
334 173
334 181
334 305
334 329
334 349
335 173
335 181
335 305
335 329
335 349
336 173
336 181
336 305
336 329
336 349
337 173
337 181
337 305
337 329
337 349
338 174
338 181
338 305
338 329
338 349
339 174
339 181
339 305
339 329
339 349
340 174
340 181
340 305
340 329
340 349
341 174
341 181
341 305
341 329
341 349
342 174
342 181
342 305
342 329
342 349
343 174
343 181
343 305
343 329
343 349
344 174
344 182
344 305
344 329
344 349
345 174
345 182
345 305
345 329
345 349
346 174
346 181
346 305
346 329
346 349
347 174
347 182
347 305
347 329
347 349
348 174
348 181
348 305
348 328
348 349
349 174
349 181
349 305
349 328
349 349
350 174
350 181
350 305
350 328
350 349
351 174
351 182
351 305
351 328
351 349
352 174
352 182
352 305
352 328
352 349
353 174
353 182
353 305
353 328
353 349
354 174
354 181
354 305
354 328
354 349
355 174
355 181
355 305
355 328
355 349
356 174
356 181
356 305
356 328
356 349
357 174
357 181
357 305
357 328
357 349
358 174
358 181
358 305
358 328
358 349
359 174
359 181
359 305
359 328
359 349
360 174
360 181
360 305
360 328
360 349
361 174
361 181
361 305
361 328
361 349
362 174
362 181
362 305
362 328
362 349
363 174
363 182
363 305
363 328
363 349
364 174
364 182
364 305
364 328
364 349
365 174
365 182
365 305
365 328
365 349
366 174
366 182
366 305
366 328
366 349
367 174
367 182
367 305
367 328
367 349
368 174
368 182
368 305
368 328
368 349
369 174
369 182
369 305
369 328
369 349
370 174
370 182
370 305
370 328
370 349
371 174
371 182
371 305
371 328
371 349
372 174
372 182
372 305
372 328
372 349
373 174
373 182
373 305
373 328
373 349
374 174
374 182
374 305
374 329
374 349
375 174
375 182
375 305
375 329
375 349
376 174
376 182
376 305
376 328
376 349
377 174
377 182
377 305
377 328
377 349
378 174
378 182
378 305
378 328
378 349
379 174
379 182
379 305
379 328
379 349
380 174
380 182
380 305
380 328
380 349
381 174
381 182
381 305
381 329
381 349
382 174
382 182
382 305
382 329
382 349
383 174
383 182
383 305
383 329
383 349
384 174
384 182
384 305
384 329
384 349
385 174
385 182
385 304
385 328
385 349
386 174
386 182
386 304
386 328
386 349
387 174
387 182
387 304
387 329
387 349
388 174
388 182
388 304
388 328
388 349
389 174
389 182
389 304
389 329
389 349
390 174
390 182
390 304
390 329
390 349
391 174
391 182
391 304
391 328
391 349
392 174
392 182
392 304
392 328
392 349
393 174
393 182
393 304
393 328
393 349
394 174
394 182
394 304
394 328
394 349
395 174
395 182
395 304
395 328
395 348
396 174
396 182
396 304
396 328
396 348
397 174
397 182
397 304
397 328
397 348
398 174
398 182
398 304
398 328
398 348
399 174
399 182
399 304
399 328
399 348
400 174
400 182
400 304
400 328
400 348
401 174
401 182
401 304
401 328
401 348
402 174
402 182
402 304
402 328
402 348
403 174
403 182
403 304
403 328
403 348
404 174
404 182
404 304
404 328
404 348
405 174
405 182
405 304
405 328
405 348
406 174
406 182
406 304
406 328
406 348
407 174
407 182
407 304
407 328
407 348
408 174
408 182
408 304
408 328
408 348
409 174
409 182
409 304
409 328
409 348
410 174
410 182
410 304
410 328
410 348
411 174
411 182
411 304
411 328
411 348
412 174
412 182
412 304
412 328
412 348
413 174
413 182
413 304
413 328
413 348
414 174
414 182
414 304
414 328
414 348
415 174
415 182
415 304
415 328
415 348
416 174
416 182
416 304
416 328
416 348
417 175
417 181
417 304
417 328
417 348
418 175
418 181
418 304
418 328
418 348
419 175
419 181
419 304
419 328
419 348
420 175
420 181
420 304
420 328
420 348
421 175
421 181
421 304
421 328
421 348
422 175
422 181
422 304
422 328
422 348
423 175
423 181
423 304
423 328
423 348
424 175
424 181
424 305
424 328
424 348
425 175
425 181
425 305
425 328
425 348
426 175
426 181
426 305
426 328
426 348
427 175
427 182
427 305
427 328
427 348
428 175
428 182
428 305
428 328
428 348
429 175
429 182
429 305
429 328
429 348
430 175
430 182
430 305
430 328
430 348
431 175
431 182
431 305
431 328
431 348
432 175
432 182
432 305
432 328
432 348
433 175
433 182
433 305
433 328
433 348
434 175
434 182
434 305
434 328
434 348
435 175
435 182
435 305
435 328
435 348
436 175
436 182
436 305
436 328
436 348
437 175
437 182
437 305
437 328
437 348
438 175
438 182
438 305
438 328
438 348
439 175
439 182
439 305
439 328
439 348
440 175
440 182
440 305
440 328
440 348
441 175
441 182
441 305
441 328
441 348
442 175
442 182
442 305
442 328
442 348
443 175
443 182
443 305
443 328
443 348
444 175
444 182
444 305
444 328
444 348
445 175
445 182
445 305
445 328
445 348
446 175
446 182
446 305
446 328
446 348
447 175
447 182
447 305
447 328
447 348
448 175
448 182
448 305
448 328
448 348
449 175
449 182
449 305
449 328
449 348
450 175
450 182
450 305
450 328
450 348
451 175
451 182
451 305
451 328
451 348
452 175
452 182
452 305
452 328
452 348
453 175
453 182
453 305
453 328
453 348
454 175
454 182
454 305
454 328
454 348
455 175
455 182
455 305
455 328
455 348
456 175
456 182
456 305
456 328
456 348
457 175
457 182
457 305
457 328
457 348
458 175
458 182
458 305
458 328
458 348
459 175
459 182
459 305
459 328
459 348
460 175
460 182
460 305
460 328
460 348
461 175
461 182
461 305
461 328
461 348
462 175
462 182
462 305
462 328
462 348
463 175
463 182
463 305
463 328
463 348
464 175
464 182
464 305
464 328
464 348
465 175
465 182
465 305
465 328
465 348
466 175
466 182
466 305
466 328
466 348
467 175
467 182
467 305
467 328
467 348
468 175
468 182
468 305
468 328
468 348
469 175
469 182
469 305
469 328
469 348
470 175
470 182
470 305
470 328
470 348
471 175
471 182
471 305
471 328
471 348
472 175
472 182
472 305
472 328
472 348
473 175
473 182
473 305
473 328
473 348
474 175
474 182
474 305
474 329
474 348
475 175
475 182
475 305
475 329
475 348
476 175
476 182
476 305
476 329
476 348
477 175
477 182
477 305
477 329
477 348
478 175
478 182
478 305
478 329
478 348
479 175
479 182
479 305
479 330
479 348
480 175
480 182
480 305
480 330
480 348
481 175
481 182
481 305
481 330
481 348
482 175
482 182
482 305
482 330
482 348
483 175
483 182
483 305
483 330
483 348
484 175
484 182
484 305
484 330
484 348
485 175
485 182
485 189
485 305
485 330
485 348
486 175
486 182
486 189
486 305
486 330
486 348
487 175
487 182
487 189
487 305
487 330
487 348
488 175
488 182
488 189
488 305
488 330
488 348
489 175
489 182
489 189
489 305
489 330
489 348
490 175
490 182
490 188
490 305
490 330
490 348
491 175
491 182
491 188
491 305
491 330
491 348
492 175
492 182
492 188
492 305
492 330
492 348
493 175
493 182
493 187
493 305
493 330
493 348
494 175
494 182
494 187
494 305
494 330
494 348
495 175
495 182
495 186
495 187
495 305
495 330
495 348
496 175
496 182
496 305
496 329
496 348
497 175
497 182
497 305
497 329
497 348
498 175
498 182
498 305
498 329
498 348
499 175
499 183
499 305
499 329
499 348
500 175
500 183
500 305
500 329
500 348
501 174
501 183
501 305
501 329
501 348
502 174
502 182
502 305
502 329
502 348
503 174
503 182
503 305
503 329
503 349
504 174
504 182
504 305
504 329
504 349
505 174
505 182
505 305
505 329
505 349
506 174
506 182
506 305
506 329
506 349
507 174
507 182
507 305
507 329
507 349
508 174
508 182
508 305
508 329
508 350
509 174
509 181
509 305
509 329
509 344
509 350
510 174
510 181
510 305
510 329
510 344
510 350
511 174
511 181
511 305
511 329
511 343
511 344
511 350
512 174
512 181
512 305
512 329
512 342
512 343
512 350
513 174
513 181
513 305
513 329
513 341
513 342
513 350
514 174
514 181
514 305
514 329
514 340
514 341
514 350
515 174
515 181
515 305
515 329
515 341
515 350
516 174
516 181
516 305
516 329
516 341
516 350
517 174
517 181
517 305
517 329
517 341
517 350
518 174
518 181
518 305
518 329
518 342
518 350
519 174
519 181
519 305
519 329
519 341
519 350
520 174
520 182
520 217
520 218
520 305
520 330
520 341
520 350
521 174
521 182
521 218
521 219
521 305
521 323
521 324
521 325
521 326
521 327
521 330
521 341
521 349
522 174
522 182
522 219
522 220
522 305
522 307
522 308
522 309
522 318
522 319
522 320
522 321
522 322
522 323
522 329
522 341
522 349
523 174
523 182
523 217
523 218
523 219
523 305
523 310
523 311
523 312
523 313
523 314
523 315
523 316
523 317
523 326
523 329
523 340
523 341
523 349
524 175
524 182
524 305
524 325
524 326
524 329
524 349
525 175
525 182
525 306
525 317
525 322
525 323
525 324
525 325
525 329
525 349
526 175
526 182
526 204
526 205
526 206
526 207
526 306
526 309
526 319
526 320
526 321
526 329
526 349
527 175
527 182
527 199
527 200
527 201
527 202
527 203
527 208
527 209
527 210
527 211
527 212
527 213
527 214
527 215
527 216
527 217
527 218
527 219
527 220
527 222
527 306
527 309
527 314
527 315
527 316
527 317
527 318
527 319
527 329
527 348
528 175
528 183
528 197
528 198
528 199
528 221
528 223
528 224
528 306
528 309
528 310
528 311
528 312
528 313
528 320
528 329
528 348
529 175
529 183
529 248
529 249
529 250
529 251
529 252
529 253
529 254
529 255
529 256
529 257
529 258
529 259
529 260
529 261
529 262
529 263
529 264
529 265
529 266
529 267
529 268
529 269
529 270
529 271
529 272
529 273
529 274
529 275
529 276
529 277
529 278
529 279
529 280
529 281
529 282
529 306
529 320
529 321
529 329
529 348
530 176
530 183
530 196
530 197
530 245
530 246
530 247
530 306
530 320
530 328
530 329
530 335
530 348
531 176
531 183
531 193
531 194
531 195
531 196
531 306
531 320
531 328
531 335
531 336
531 347
532 176
532 183
532 306
532 321
532 328
532 336
532 347
533 176
533 183
533 306
533 318
533 319
533 320
533 328
533 347
534 176
534 183
534 306
534 314
534 315
534 317
534 318
534 328
534 347
535 177
535 184
535 306
535 312
535 313
535 314
535 327
535 346
536 177
536 184
536 305
536 307
536 310
536 311
536 318
536 319
536 327
536 346
537 177
537 184
537 185
537 304
537 305
537 307
537 310
537 317
537 318
537 327
537 346
538 178
538 185
538 304
538 307
538 310
538 314
538 315
538 316
538 317
538 327
538 345
539 178
539 185
539 304
539 306
539 310
539 327
539 345
540 178
540 179
540 185
540 186
540 304
540 326
540 342
540 343
540 345
541 179
541 180
541 186
541 305
541 326
541 342
541 345
542 180
542 181
542 186
542 305
542 307
542 326
542 338
542 340
542 344
543 179
543 181
543 186
543 305
543 306
543 325
543 338
543 344
544 179
544 182
544 186
544 306
544 325
544 337
544 341
544 342
544 344
545 179
545 182
545 183
545 184
545 187
545 305
545 325
545 337
545 339
545 341
545 344
546 179
546 182
546 184
546 185
546 303
546 304
546 305
546 324
546 336
546 337
546 341
546 343
546 344
547 181
547 185
547 186
547 303
547 324
547 336
547 343
548 178
548 182
548 186
548 187
548 303
548 324
548 335
548 336
548 337
548 342
548 343
549 179
549 183
549 187
549 188
549 189
549 303
549 323
549 338
549 341
549 342
550 178
550 180
550 184
550 189
550 190
550 191
550 302
550 323
550 335
550 337
550 338
550 339
550 341
551 178
551 180
551 191
551 192
551 221
551 222
551 223
551 224
551 225
551 226
551 227
551 228
551 302
551 322
551 335
551 340
551 341
552 178
552 179
552 180
552 181
552 192
552 193
552 194
552 220
552 221
552 229
552 230
552 231
552 232
552 233
552 234
552 235
552 236
552 237
552 238
552 239
552 240
552 241
552 242
552 252
552 253
552 254
552 302
552 322
552 334
552 335
552 337
552 340
553 181
553 182
553 194
553 195
553 196
553 220
553 243
553 244
553 245
553 246
553 247
553 248
553 249
553 250
553 251
553 255
553 256
553 257
553 258
553 259
553 260
553 261
553 262
553 263
553 264
553 265
553 266
553 267
553 268
553 269
553 302
553 321
553 322
553 332
553 333
553 334
553 336
553 339
553 340
554 182
554 183
554 196
554 197
554 220
554 270
554 271
554 272
554 273
554 302
554 314
554 315
554 316
554 321
554 330
554 331
554 332
554 339
555 183
555 184
555 185
555 198
555 211
555 212
555 214
555 221
555 272
555 301
555 314
555 316
555 320
555 321
555 329
555 330
555 338
555 339
556 185
556 186
556 212
556 214
556 221
556 222
556 301
556 307
556 309
556 312
556 314
556 315
556 316
556 320
556 327
556 328
556 329
556 337
556 338
557 186
557 187
557 212
557 214
557 222
557 228
557 229
557 230
557 301
557 305
557 306
557 307
557 309
557 312
557 314
557 319
557 320
557 325
557 326
557 327
557 336
557 337
558 187
558 188
558 213
558 214
558 220
558 222
558 223
558 227
558 230
558 231
558 245
558 246
558 247
558 291
558 292
558 293
558 300
558 305
558 307
558 312
558 317
558 318
558 319
558 323
558 324
558 325
558 335
558 336
559 188
559 189
559 220
559 221
559 222
559 223
559 224
559 227
559 231
559 243
559 244
559 283
559 284
559 289
559 291
559 293
559 299
559 300
559 305
559 307
559 312
559 313
559 314
559 315
559 321
559 322
559 334
559 335
560 189
560 190
560 205
560 206
560 224
560 228
560 232
560 233
560 234
560 235
560 236
560 238
560 239
560 240
560 241
560 242
560 273
560 279
560 280
560 281
560 282
560 284
560 288
560 291
560 292
560 293
560 298
560 299
560 305
560 306
560 307
560 311
560 312
560 317
560 318
560 319
560 320
560 332
560 333
560 334
561 190
561 191
561 207
561 208
561 209
561 210
561 229
561 237
561 242
561 249
561 250
561 251
561 256
561 274
561 275
561 283
561 284
561 290
561 299
561 310
561 311
561 315
561 316
561 317
561 331
561 332
562 187
562 191
562 192
562 193
562 211
562 212
562 229
562 243
562 245
562 246
562 247
562 252
562 253
562 254
562 255
562 257
562 273
562 279
562 280
562 281
562 282
562 289
562 290
562 299
562 300
562 301
562 305
562 306
562 307
562 308
562 312
562 313
562 314
562 330
562 331
563 187
563 188
563 193
563 194
563 229
563 243
563 244
563 272
563 273
563 290
563 302
563 303
563 304
563 328
563 329
563 330
564 194
564 195
564 196
564 229
564 230
564 231
564 232
564 244
564 245
564 246
564 247
564 272
564 319
564 320
564 327
564 328
565 196
565 197
565 198
565 217
565 218
565 219
565 233
565 234
565 235
565 236
565 237
565 238
565 316
565 317
565 318
565 325
565 326
565 327
566 198
566 199
566 220
566 221
566 222
566 223
566 224
566 225
566 226
566 239
566 240
566 241
566 242
566 243
566 244
566 245
566 246
566 247
566 248
566 249
566 250
566 251
566 252
566 253
566 254
566 255
566 256
566 313
566 314
566 315
566 319
566 323
566 324
566 325
567 199
567 200
567 201
567 202
567 227
567 228
567 229
567 230
567 231
567 232
567 233
567 234
567 235
567 257
567 258
567 259
567 260
567 261
567 309
567 310
567 311
567 316
567 317
567 321
567 322
567 323
568 202
568 203
568 204
568 236
568 237
568 238
568 239
568 240
568 304
568 305
568 306
568 307
568 313
568 314
568 320
568 321
569 204
569 205
569 206
569 207
569 303
569 308
569 309
569 310
569 311
569 316
569 317
569 318
569 319
570 207
570 208
570 209
570 303
570 304
570 305
570 306
570 307
570 315
570 316
571 210
571 211
571 212
571 311
571 312
571 313
571 314
571 315
572 200
572 213
572 214
572 215
572 306
572 307
572 308
572 309
572 310
572 311
573 201
573 202
573 207
573 216
573 217
573 218
573 305
573 306
574 204
574 209
574 219
574 220
574 221
574 222
574 303
574 304
574 305
575 215
575 223
575 224
575 225
575 226
575 227
575 295
575 298
575 299
575 300
575 301
575 302
576 212
576 228
576 229
576 230
576 231
576 232
576 233
576 288
576 289
576 290
576 291
576 292
576 293
576 294
576 296
576 297
576 306
576 309
576 310
577 234
577 235
577 236
577 237
577 238
577 239
577 240
577 241
577 242
577 281
577 282
577 283
577 284
577 285
577 286
577 287
578 243
578 244
578 245
578 246
578 247
578 248
578 249
578 250
578 251
578 252
578 253
578 254
578 255
578 256
578 257
578 258
578 259
578 260
578 261
578 262
578 263
578 264
578 265
578 266
578 267
578 268
578 269
578 270
578 271
578 272
578 273
578 274
578 275
578 276
578 277
578 278
578 279
578 280
578 296
579 232
579 289
579 294
579 295
580 238
580 276
580 277
