225 225
10 104
10 105
10 106
10 120
10 121
10 122
11 103
11 104
11 106
11 107
11 108
11 109
11 110
11 111
11 112
11 113
11 114
11 115
11 116
11 117
11 118
11 119
11 122
11 123
12 102
12 103
12 123
13 102
13 109
13 110
13 111
13 112
13 113
13 114
13 115
13 116
13 117
13 123
14 102
14 103
14 107
14 108
14 118
14 119
14 120
14 122
14 123
15 103
15 107
15 120
15 122
16 103
16 106
16 120
16 122
17 103
17 106
17 120
17 122
18 103
18 106
18 120
18 122
18 123
19 103
19 106
19 121
19 123
20 100
20 103
20 106
20 121
20 123
21 100
21 103
21 105
21 121
21 123
22 100
22 103
22 105
22 121
22 123
23 100
23 103
23 105
23 119
23 122
23 124
24 99
24 102
24 105
24 119
24 122
24 124
25 99
25 102
25 105
25 119
25 123
25 124
25 125
26 99
26 102
26 106
26 120
26 123
26 125
27 99
27 103
27 106
27 107
27 118
27 119
27 120
27 123
27 125
28 100
28 103
28 107
28 120
28 123
28 124
28 125
29 100
29 103
29 107
29 122
30 100
30 103
30 105
30 107
30 126
31 100
31 103
31 107
31 121
31 123
31 126
32 100
32 103
32 107
32 121
32 123
32 125
33 101
33 103
33 105
33 106
33 107
33 110
33 120
33 121
33 122
33 123
33 124
33 125
34 101
34 103
34 105
34 121
34 123
35 103
35 105
35 107
35 108
35 109
35 110
35 111
35 112
35 113
35 114
35 121
35 123
36 103
36 105
36 115
36 116
36 117
36 118
36 121
36 123
37 100
37 103
37 105
37 121
37 123
38 100
38 103
38 105
38 121
38 123
39 100
39 103
39 105
39 121
39 123
40 100
40 103
40 105
40 121
40 123
41 100
41 103
41 105
41 121
41 124
42 100
42 103
42 105
42 121
42 124
43 100
43 103
43 105
43 122
43 124
44 100
44 103
44 105
44 122
44 124
45 100
45 103
45 106
45 122
45 124
46 100
46 103
46 106
46 122
46 124
47 100
47 103
47 106
47 119
47 122
47 124
48 100
48 103
48 106
48 122
48 124
49 100
49 103
49 107
49 122
49 124
50 100
50 103
50 107
50 122
50 124
51 100
51 103
51 107
51 122
51 124
52 100
52 103
52 107
52 122
52 125
53 100
53 103
53 107
53 122
53 125
54 100
54 103
54 107
54 123
54 125
55 100
55 103
55 107
55 120
55 123
55 125
56 100
56 103
56 107
56 120
56 123
56 125
57 100
57 103
57 108
57 120
57 123
57 125
58 100
58 103
58 108
58 120
58 123
58 126
59 100
59 102
59 104
59 108
59 120
59 123
59 126
60 99
60 102
60 104
60 108
60 120
60 124
60 126
61 99
61 102
61 104
61 108
61 120
61 124
61 126
62 99
62 102
62 104
62 107
62 121
62 124
62 126
63 101
63 105
63 107
63 121
63 124
63 127
64 101
64 103
64 105
64 107
64 121
64 125
64 127
65 100
65 103
65 107
65 122
65 125
65 127
66 99
66 102
66 103
66 106
66 122
66 125
66 128
67 99
67 102
67 104
67 106
67 122
67 126
67 128
68 98
68 99
68 101
68 102
68 104
68 106
68 122
68 126
68 128
68 129
69 98
69 101
69 105
69 122
69 126
69 129
70 97
70 100
70 101
70 103
70 105
70 123
70 126
70 127
70 129
71 97
71 100
71 103
71 105
71 123
71 127
71 130
72 96
72 99
72 100
72 103
72 105
72 123
72 128
72 130
73 96
73 99
73 102
73 104
73 123
73 128
73 131
74 95
74 98
74 102
74 104
74 123
74 128
74 131
75 95
75 98
75 102
75 104
75 124
75 129
75 131
76 95
76 97
76 98
76 102
76 104
76 124
76 129
76 132
77 94
77 97
77 101
77 104
77 124
77 130
77 132
77 133
78 94
78 97
78 101
78 103
78 125
78 127
78 131
78 133
79 93
79 96
79 101
79 103
79 125
79 127
79 131
79 133
80 93
80 96
80 101
80 103
80 125
80 127
80 131
80 134
81 93
81 96
81 102
81 103
81 125
81 128
81 134
82 92
82 95
82 96
82 100
82 102
82 126
82 128
82 132
82 135
83 92
83 95
83 100
83 102
83 126
83 129
83 133
83 135
84 92
84 95
84 102
84 126
84 129
84 133
84 135
85 92
85 94
85 99
85 101
85 127
85 129
85 133
85 136
86 91
86 94
86 99
86 101
86 127
86 129
86 134
86 136
87 91
87 93
87 99
87 101
87 127
87 129
87 134
87 137
88 90
88 93
88 101
88 127
88 128
88 135
88 137
89 90
89 93
89 100
89 128
89 135
89 137
90 90
90 92
90 98
90 100
90 128
90 135
90 137
91 89
91 92
91 98
91 100
91 128
91 136
91 138
92 89
92 92
92 98
92 100
92 128
92 136
92 138
93 89
93 92
93 98
93 100
93 128
93 136
93 139
94 89
94 92
94 98
94 100
94 129
94 131
94 136
94 139
95 88
95 91
95 100
95 129
95 131
95 136
95 139
96 88
96 91
96 99
96 129
96 131
96 136
96 139
97 88
97 91
97 99
97 129
97 131
97 136
97 140
98 87
98 91
98 97
98 99
98 129
98 131
98 136
98 140
99 87
99 91
99 97
99 99
99 129
99 131
99 140
100 87
100 91
100 97
100 99
100 129
100 131
100 138
100 140
101 87
101 91
101 97
101 99
101 129
101 137
101 140
102 87
102 91
102 97
102 99
102 130
102 132
102 137
102 140
103 87
103 91
103 97
103 99
103 130
103 132
103 137
103 139
104 87
104 91
104 97
104 99
104 130
104 132
104 137
104 139
105 87
105 91
105 97
105 99
105 130
105 132
105 137
105 139
106 87
106 91
106 97
106 99
106 130
106 132
106 137
106 139
107 87
107 91
107 97
107 99
107 130
107 132
107 137
107 139
108 87
108 89
108 91
108 97
108 99
108 130
108 132
108 137
108 140
109 87
109 89
109 91
109 97
109 99
109 130
109 132
109 137
109 140
110 87
110 89
110 91
110 97
110 99
110 130
110 132
110 137
110 140
111 87
111 89
111 91
111 97
111 99
111 130
111 132
111 137
111 140
112 87
112 89
112 91
112 97
112 99
112 130
112 132
112 137
112 140
113 87
113 89
113 91
113 97
113 99
113 130
113 132
113 137
113 140
114 87
114 89
114 91
114 97
114 99
114 130
114 132
114 137
114 140
115 87
115 89
115 91
115 97
115 99
115 130
115 132
115 137
115 140
116 87
116 89
116 91
116 97
116 99
116 130
116 132
116 137
116 140
117 87
117 89
117 91
117 97
117 99
117 130
117 132
117 138
117 140
118 87
118 89
118 91
118 97
118 99
118 130
118 132
118 138
118 140
119 87
119 89
119 91
119 97
119 99
119 130
119 132
119 138
119 140
120 87
120 89
120 91
120 97
120 99
120 130
120 132
120 138
120 140
121 87
121 89
121 91
121 97
121 99
121 130
121 132
121 138
121 140
122 87
122 89
122 91
122 97
122 99
122 130
122 132
122 138
122 140
123 87
123 89
123 91
123 97
123 99
123 130
123 132
123 138
123 140
124 87
124 89
124 91
124 97
124 99
124 130
124 132
124 138
124 140
125 87
125 89
125 91
125 97
125 99
125 130
125 132
125 138
125 140
126 87
126 89
126 91
126 97
126 99
126 130
126 132
126 138
126 140
127 87
127 89
127 91
127 97
127 99
127 130
127 131
127 132
127 137
127 140
128 87
128 89
128 91
128 97
128 99
128 130
128 132
128 137
128 141
129 87
129 89
129 91
129 97
129 99
129 130
129 132
129 137
129 141
130 87
130 89
130 91
130 97
130 99
130 130
130 132
130 137
130 141
131 87
131 89
131 91
131 99
131 130
131 132
131 137
131 141
132 87
132 89
132 91
132 98
132 130
132 132
132 137
132 141
133 87
133 89
133 91
133 98
133 130
133 132
133 137
133 141
134 87
134 89
134 91
134 98
134 130
134 132
134 138
134 141
135 87
135 91
135 98
135 130
135 132
135 138
135 141
136 87
136 90
136 98
136 130
136 132
136 138
136 141
137 87
137 90
137 98
137 130
137 132
137 138
137 140
138 87
138 90
138 99
138 130
138 132
138 138
138 140
139 87
139 90
139 97
139 99
139 130
139 132
139 138
139 140
140 87
140 90
140 97
140 99
140 130
140 132
140 138
140 140
141 88
141 90
141 97
141 99
141 130
141 132
141 138
141 140
142 88
142 90
142 97
142 99
142 130
142 132
142 138
142 141
143 88
143 90
143 97
143 99
143 130
143 132
143 138
143 140
144 88
144 90
144 97
144 99
144 130
144 132
144 138
144 140
145 88
145 90
145 97
145 99
145 130
145 132
145 138
145 140
146 88
146 90
146 97
146 99
146 130
146 132
146 138
146 140
147 89
147 97
147 99
147 130
147 132
147 138
147 141
148 89
148 97
148 99
148 130
148 132
148 141
149 88
149 97
149 99
149 130
149 132
149 141
150 88
150 97
150 99
150 130
150 132
150 139
150 141
151 88
151 97
151 99
151 130
151 132
151 139
151 141
152 87
152 97
152 99
152 130
152 132
152 141
153 87
153 89
153 97
153 99
153 130
153 132
153 141
154 87
154 89
154 97
154 99
154 130
154 132
154 141
155 87
155 89
155 97
155 99
155 130
155 132
155 141
156 87
156 89
156 97
156 99
156 130
156 132
156 141
157 87
157 90
157 97
157 99
157 130
157 132
157 141
158 88
158 90
158 97
158 99
158 130
158 132
158 141
159 88
159 90
159 97
159 99
159 130
159 132
159 141
160 88
160 90
160 97
160 99
160 130
160 132
160 141
161 88
161 90
161 97
161 99
161 130
161 132
161 141
162 88
162 90
162 97
162 99
162 130
162 132
162 141
163 88
163 90
163 97
163 99
163 130
163 132
163 141
164 88
164 99
164 130
164 132
164 141
165 87
165 130
165 132
165 141
166 87
166 130
166 132
166 141
167 87
167 130
167 132
167 141
168 87
168 89
168 130
168 132
168 138
168 140
169 87
169 89
169 130
169 138
169 140
170 87
170 89
170 130
170 138
170 140
171 87
171 89
171 130
171 138
171 140
172 87
172 89
172 130
172 138
172 140
173 87
173 89
173 130
173 138
173 140
174 87
174 89
174 130
174 140
175 87
175 130
175 141
176 88
176 130
176 141
177 88
177 90
177 130
177 141
178 88
178 90
178 130
178 141
179 88
179 90
179 130
179 139
179 141
180 88
180 90
180 130
180 139
180 141
181 88
181 130
181 139
181 141
182 87
182 130
182 139
182 141
183 87
183 130
183 139
183 141
184 87
184 130
184 139
184 141
185 87
185 89
185 130
185 139
185 141
186 87
186 130
186 131
186 132
186 139
186 141
187 88
187 90
187 130
187 141
188 88
188 90
188 130
188 138
188 140
189 88
189 90
189 111
189 112
189 113
189 114
189 115
189 116
189 117
189 118
189 119
189 120
189 121
189 135
189 138
189 140
190 88
190 90
190 101
190 102
190 103
190 104
190 105
190 106
190 107
190 125
190 126
190 127
190 129
190 130
190 132
190 133
190 134
190 137
190 140
191 88
191 91
191 93
191 94
191 95
191 96
191 97
191 98
191 99
191 100
191 108
191 109
191 110
191 111
191 113
191 121
191 122
191 123
191 124
191 128
191 131
191 136
191 137
191 139
192 89
192 91
192 92
192 114
192 115
192 116
192 117
192 118
192 119
192 120
192 128
192 131
192 136
192 139
193 89
193 92
193 99
193 100
193 101
193 102
193 105
193 106
193 125
193 126
193 127
193 128
193 129
193 130
193 133
193 134
193 135
193 138
193 139
194 89
194 90
194 93
194 94
194 95
194 96
194 97
194 103
194 104
194 107
194 108
194 109
194 110
194 111
194 112
194 113
194 114
194 115
194 116
194 117
194 118
194 119
194 120
194 121
194 122
194 123
194 124
194 132
194 133
194 137
194 138
195 90
195 91
195 92
195 128
195 129
195 130
195 131
195 136
195 137
196 92
196 93
196 94
196 95
196 133
196 134
196 135
197 96
197 97
197 98
197 117
197 118
197 119
197 120
197 121
197 122
197 123
197 124
197 125
197 126
197 127
197 128
197 129
197 130
197 131
197 132
198 99
198 100
198 101
198 102
198 103
198 104
198 105
198 106
198 107
198 108
198 109
198 110
198 111
198 112
198 113
198 114
198 115
198 116
