225 225
1 108
1 109
1 110
1 111
1 112
1 113
1 114
1 115
1 116
1 117
1 118
1 119
2 88
2 89
2 90
2 91
2 92
2 93
2 94
2 95
2 96
2 97
2 98
2 99
2 100
2 101
2 102
2 103
2 104
2 105
2 106
2 107
2 120
2 121
2 122
2 123
2 124
2 125
2 126
2 127
2 128
2 129
2 130
2 131
2 132
2 133
2 134
2 135
2 136
2 137
3 77
3 78
3 79
3 80
3 81
3 82
3 83
3 84
3 85
3 86
3 87
3 138
3 139
3 140
3 141
3 142
3 143
3 144
3 145
3 146
3 147
4 70
4 71
4 72
4 73
4 74
4 75
4 76
4 148
4 149
4 150
4 151
4 152
4 153
4 154
5 64
5 65
5 66
5 67
5 68
5 69
5 155
5 156
5 157
5 158
5 159
5 160
6 60
6 61
6 62
6 63
6 161
6 162
6 163
6 164
7 56
7 57
7 58
7 59
7 165
7 166
7 167
7 168
8 53
8 54
8 55
8 169
8 170
8 171
9 50
9 51
9 52
9 172
9 173
10 48
10 49
10 50
10 174
10 175
10 176
11 47
11 48
11 176
11 177
12 46
12 47
12 177
12 178
12 179
13 45
13 46
13 179
13 180
14 44
14 45
14 180
15 44
15 180
16 44
16 180
17 44
17 180
18 44
18 45
18 179
18 180
19 45
19 46
19 47
19 178
19 179
20 44
20 47
20 48
20 176
20 177
20 178
20 180
21 44
21 48
21 49
21 50
21 174
21 175
21 176
21 180
22 44
22 50
22 51
22 52
22 172
22 173
22 174
22 181
23 44
23 53
23 54
23 55
23 170
23 171
23 181
24 44
24 56
24 57
24 58
24 167
24 168
24 169
24 180
25 44
25 59
25 60
25 61
25 62
25 162
25 163
25 164
25 165
25 166
25 180
26 44
26 63
26 64
26 65
26 66
26 67
26 158
26 159
26 160
26 161
26 180
27 44
27 68
27 69
27 70
27 71
27 72
27 73
27 74
27 151
27 152
27 153
27 154
27 155
27 156
27 157
27 180
28 44
28 75
28 76
28 77
28 78
28 79
28 80
28 81
28 82
28 143
28 144
28 145
28 146
28 147
28 148
28 149
28 150
28 180
29 44
29 83
29 84
29 85
29 86
29 87
29 88
29 89
29 90
29 91
29 92
29 93
29 94
29 96
29 97
29 127
29 128
29 129
29 130
29 131
29 132
29 133
29 134
29 135
29 136
29 137
29 138
29 139
29 140
29 141
29 142
29 180
30 44
30 95
30 98
30 99
30 100
30 101
30 102
30 103
30 104
30 105
30 106
30 107
30 108
30 109
30 110
30 111
30 112
30 113
30 114
30 115
30 116
30 117
30 118
30 119
30 120
30 121
30 122
30 123
30 124
30 125
30 126
30 180
31 44
31 180
32 44
32 180
33 44
33 180
34 44
34 180
35 44
35 180
36 44
36 180
37 44
37 180
38 44
38 180
39 45
39 180
40 45
40 180
41 45
41 180
42 45
42 180
43 45
43 180
44 45
44 180
45 45
45 180
46 45
46 180
47 45
47 180
48 45
48 179
49 45
49 179
50 45
50 179
51 45
51 179
52 45
52 179
53 45
53 179
54 45
54 179
55 45
55 179
56 45
56 179
57 45
57 179
58 45
58 179
59 45
59 179
60 45
60 179
61 45
61 179
62 45
62 179
63 45
63 179
64 45
64 179
65 45
65 179
66 45
66 179
67 45
67 179
68 45
68 179
69 45
69 179
70 45
70 179
71 46
71 179
72 46
72 179
73 46
73 179
74 46
74 179
75 46
75 179
76 46
76 179
77 46
77 179
78 46
78 179
79 46
79 178
80 46
80 178
81 46
81 178
82 46
82 178
83 46
83 178
84 46
84 178
85 46
85 178
86 46
86 178
87 46
87 178
88 46
88 178
89 46
89 178
90 46
90 178
91 46
91 178
92 46
92 178
93 46
93 178
94 46
94 178
95 46
95 178
96 46
96 178
97 46
97 178
98 46
98 178
99 46
99 178
100 46
100 178
101 46
101 178
102 46
102 178
103 46
103 178
104 47
104 178
105 47
105 177
106 47
106 177
107 47
107 177
108 47
108 177
109 47
109 177
110 47
110 177
111 47
111 177
112 47
112 177
113 47
113 177
114 47
114 177
115 47
115 177
116 47
116 177
117 47
117 177
118 47
118 177
119 47
119 177
120 47
120 177
121 47
121 177
122 47
122 177
123 47
123 177
124 47
124 177
125 47
125 177
126 47
126 177
127 47
127 177
128 47
128 177
129 47
129 177
130 47
130 177
131 47
131 177
132 47
132 177
133 47
133 177
134 47
134 177
135 47
135 177
136 47
136 177
137 47
137 176
138 47
138 176
139 47
139 176
140 47
140 176
141 47
141 176
142 47
142 176
143 47
143 176
144 48
144 176
145 48
145 176
146 48
146 176
147 48
147 176
148 48
148 176
149 48
149 176
150 48
150 176
151 48
151 176
152 48
152 176
153 48
153 176
154 48
154 176
155 48
155 176
156 48
156 176
157 48
157 176
158 48
158 176
159 48
159 176
160 48
160 176
161 48
161 176
162 48
162 176
163 48
163 176
164 48
164 175
165 48
165 176
166 48
166 175
167 48
167 175
168 48
168 175
169 48
169 175
170 48
170 175
171 48
171 175
172 48
172 175
173 48
173 175
174 48
174 175
175 49
175 175
176 49
176 175
177 49
177 175
178 49
178 175
179 49
179 175
180 49
180 175
181 49
181 175
182 49
182 175
183 49
183 175
184 49
184 175
185 49
185 175
186 49
186 175
187 49
187 175
188 49
188 175
189 49
189 175
190 49
190 175
191 49
191 174
192 49
192 174
193 49
193 174
194 49
194 174
195 49
195 174
196 49
196 174
197 49
197 174
198 49
198 174
199 49
199 174
200 49
200 174
201 49
201 174
202 49
202 174
203 50
203 174
204 50
204 173
205 50
205 51
205 173
206 51
206 172
206 173
207 51
207 52
207 171
207 172
208 52
208 53
208 170
208 171
209 53
209 54
209 169
209 170
210 54
210 55
210 56
210 168
210 169
211 56
211 57
211 166
211 167
211 168
212 57
212 58
212 59
212 165
212 166
213 59
213 60
213 163
213 164
214 61
214 62
214 161
214 162
214 163
215 63
215 64
215 65
215 159
215 160
215 161
216 66
216 67
216 157
216 158
217 68
217 69
217 70
217 154
217 155
217 156
218 71
218 72
218 73
218 150
218 151
218 152
218 153
219 74
219 75
219 76
219 77
219 146
219 147
219 148
219 149
220 78
220 79
220 80
220 81
220 82
220 141
220 142
220 143
220 144
220 145
221 83
221 84
221 85
221 86
221 87
221 88
221 89
221 90
221 135
221 136
221 137
221 138
221 139
221 140
222 91
222 92
222 93
222 94
222 95
222 96
222 97
222 98
222 99
222 125
222 126
222 127
222 128
222 129
222 130
222 131
222 132
222 133
222 134
223 100
223 101
223 102
223 103
223 104
223 105
223 106
223 107
223 108
223 109
223 110
223 111
223 112
223 113
223 114
223 115
223 116
223 117
223 118
223 119
223 120
223 121
223 122
223 123
223 124
