405 400
25 190
25 191
25 192
25 193
25 194
25 195
25 196
25 197
25 198
26 188
26 189
26 190
26 191
26 192
26 193
26 194
26 195
26 196
26 197
26 198
26 199
26 200
26 201
26 202
26 203
26 204
26 205
26 206
26 207
26 208
27 183
27 184
27 185
27 186
27 187
27 188
27 189
27 190
27 191
27 192
27 193
27 194
27 195
27 196
27 197
27 198
27 199
27 200
27 201
27 202
27 203
27 204
27 205
27 206
27 207
27 208
27 209
27 210
27 211
27 212
27 213
27 214
27 215
27 216
27 217
28 176
28 177
28 178
28 179
28 180
28 181
28 182
28 187
28 188
28 189
28 190
28 191
28 197
28 198
28 199
28 200
28 201
28 202
28 203
28 204
28 205
28 206
28 207
28 208
28 209
28 210
28 211
28 218
28 219
28 220
28 221
28 222
28 223
29 174
29 175
29 176
29 188
29 189
29 207
29 208
29 209
29 210
29 211
29 223
29 224
29 225
30 174
30 208
30 209
30 210
30 225
31 175
31 176
31 178
31 224
31 225
32 177
32 220
32 221
32 222
32 223
34 224
35 224
36 224
37 224
38 224
39 225
40 175
40 225
41 175
41 225
42 225
43 175
43 225
44 175
44 225
45 175
45 225
46 175
46 225
47 175
47 225
48 175
48 225
49 175
49 225
50 176
50 225
51 176
51 225
52 176
52 225
53 176
53 225
54 176
54 225
55 176
55 225
56 176
56 225
56 227
57 176
57 225
57 226
57 227
57 228
58 176
58 224
58 225
58 226
58 227
59 176
59 224
59 225
59 226
60 176
60 223
60 224
60 225
61 176
61 223
61 224
61 225
62 176
62 223
62 224
62 225
63 176
63 223
63 224
63 225
64 176
64 223
64 224
64 225
65 176
65 223
65 224
65 225
66 176
66 223
66 224
66 225
67 176
67 223
67 224
67 225
68 176
68 223
68 224
68 225
69 176
69 223
69 224
69 225
70 176
70 223
70 224
70 225
71 176
71 223
71 224
71 225
72 176
72 223
72 224
72 225
73 176
73 222
73 223
73 224
73 225
74 176
74 221
74 222
74 223
74 224
75 176
75 221
75 222
75 223
76 176
76 221
76 222
76 223
77 176
77 221
77 222
77 223
78 176
78 221
78 222
78 223
79 176
79 221
79 222
79 223
80 176
80 221
80 222
80 223
81 176
81 221
81 222
81 223
82 176
82 221
82 222
82 223
83 176
83 221
83 222
83 223
84 176
84 221
84 222
84 223
85 176
85 221
85 222
85 223
86 176
86 221
86 222
86 223
87 176
87 221
87 222
87 223
88 176
88 221
88 222
88 223
89 176
89 221
89 222
89 223
90 176
90 221
90 222
90 223
91 176
91 221
91 222
91 223
92 176
92 220
92 221
92 222
93 176
93 219
93 220
93 221
93 222
94 177
94 219
94 220
94 221
94 222
95 177
95 219
95 220
95 221
96 177
96 219
96 220
96 221
97 177
97 219
97 220
97 221
97 222
98 177
98 219
98 220
98 221
98 222
99 177
99 220
99 221
99 222
100 177
100 220
100 221
100 222
101 177
101 220
101 221
101 222
102 177
102 221
102 222
103 177
103 221
103 222
103 223
104 177
104 221
104 222
104 223
105 177
105 221
105 222
105 223
106 177
106 221
106 222
106 223
106 224
107 177
107 222
107 223
107 224
107 225
108 177
108 223
108 224
108 225
109 177
109 223
109 224
109 225
110 177
110 223
110 224
110 225
111 177
111 223
111 224
111 225
112 177
112 223
112 224
112 225
113 177
113 223
113 224
113 225
114 177
114 223
114 224
114 225
115 177
115 223
115 224
115 225
116 177
116 223
116 224
116 225
117 176
117 223
117 224
117 225
118 176
118 223
118 224
118 225
118 226
119 176
119 223
119 224
119 225
119 226
119 227
120 176
120 224
120 225
120 226
120 227
121 176
121 225
121 226
121 227
122 176
122 225
122 226
122 227
123 176
123 225
123 226
123 227
124 176
124 225
124 226
124 227
125 176
125 225
125 226
125 227
126 176
126 225
126 226
126 227
127 176
127 224
127 225
127 226
127 227
128 176
128 225
128 226
129 175
129 225
130 175
130 225
131 175
131 226
132 175
132 226
133 175
133 226
134 175
134 226
135 175
135 226
136 174
136 226
137 174
137 226
138 174
138 226
139 174
139 227
140 174
140 227
141 174
141 227
142 173
142 227
143 173
143 227
144 173
144 228
145 173
145 228
146 172
146 228
147 172
147 228
148 172
148 229
149 171
149 229
150 171
150 229
151 171
151 230
152 170
152 230
153 170
153 230
154 169
154 170
154 231
155 169
155 231
156 169
156 232
157 168
157 232
158 168
158 232
159 168
159 232
159 233
160 167
160 168
160 233
161 167
161 233
161 234
162 166
162 167
162 234
163 165
163 166
163 234
163 235
164 165
164 235
165 164
165 165
165 235
165 236
166 163
166 164
166 236
166 237
167 163
167 237
168 162
168 163
168 237
168 238
169 161
169 162
169 238
170 160
170 161
170 238
170 239
171 159
171 160
171 239
171 240
172 158
172 159
172 240
172 241
173 157
173 158
173 241
174 157
174 241
174 242
175 156
175 157
175 242
175 243
176 155
176 156
176 243
176 244
177 154
177 155
177 244
177 245
178 152
178 153
178 154
178 245
178 246
179 151
179 152
179 246
179 247
180 150
180 151
180 247
180 248
180 249
181 149
181 150
181 249
181 250
182 148
182 149
182 250
182 251
183 146
183 147
183 148
183 251
183 252
184 145
184 146
184 252
184 253
184 254
185 144
185 145
185 254
185 255
186 143
186 144
186 255
186 256
187 142
187 143
187 256
187 257
188 141
188 142
188 257
188 258
188 259
189 140
189 141
189 259
189 260
190 139
190 140
190 260
190 261
191 137
191 138
191 261
191 262
192 137
192 262
192 263
193 136
193 263
193 264
194 135
194 136
194 264
194 265
195 134
195 135
195 265
195 266
196 133
196 134
196 266
196 267
197 132
197 133
197 267
197 268
198 131
198 132
198 268
198 269
199 130
199 131
199 269
200 130
200 269
200 270
201 129
201 130
201 270
201 271
202 128
202 129
202 271
203 128
203 271
203 272
204 127
204 128
204 272
204 273
205 127
205 273
206 126
206 127
206 273
206 274
207 126
207 274
208 125
208 126
208 274
208 275
209 124
209 125
209 275
210 124
210 275
210 276
211 124
211 276
212 123
212 276
212 277
213 123
213 277
214 123
214 277
215 122
215 278
216 122
216 278
217 121
217 278
218 121
218 279
219 121
219 279
220 120
220 279
221 120
221 280
222 120
222 280
223 120
223 280
224 119
224 280
225 119
225 281
226 119
226 281
227 119
227 281
228 118
228 281
229 118
229 282
230 118
230 282
231 118
231 282
232 118
232 282
233 117
233 282
234 117
234 282
235 117
235 283
236 117
236 283
237 117
237 283
238 117
238 283
239 117
239 283
240 117
240 283
241 117
241 283
242 117
242 283
243 117
243 283
244 117
244 283
245 117
245 283
246 117
246 283
247 117
247 283
248 117
248 283
249 117
249 283
250 117
250 283
251 117
251 282
252 117
252 282
253 117
253 282
254 118
254 282
255 118
255 282
256 118
256 282
257 118
257 281
258 118
258 281
259 118
259 281
260 119
260 281
261 119
261 281
262 119
262 280
263 119
263 280
264 119
264 280
265 120
265 280
266 120
266 279
267 120
267 279
268 120
268 279
269 121
269 279
270 121
270 278
271 121
271 278
272 122
272 278
273 122
273 277
274 122
274 277
275 123
275 277
276 123
276 276
277 123
277 276
278 124
278 275
279 124
279 275
280 124
280 125
280 274
280 275
281 125
281 274
282 125
282 126
282 273
282 274
283 126
283 273
284 126
284 127
284 273
285 127
285 272
285 273
286 127
286 128
286 271
286 272
287 128
287 271
288 128
288 271
289 128
289 129
289 270
289 271
290 129
290 130
290 270
291 130
291 269
291 270
292 130
292 131
292 268
292 269
293 131
293 268
294 131
294 132
294 267
294 268
295 132
295 267
296 132
296 133
296 266
296 267
297 133
297 134
297 266
298 134
298 265
298 266
299 135
299 264
299 265
300 135
300 136
300 264
301 136
301 263
301 264
302 136
302 137
302 262
302 263
303 137
303 138
303 262
304 138
304 261
304 262
305 138
305 139
305 260
305 261
306 139
306 140
306 260
307 140
307 141
307 259
307 260
308 141
308 258
308 259
309 141
309 142
309 257
309 258
310 142
310 143
310 256
310 257
311 143
311 144
311 256
312 144
312 255
312 256
313 144
313 145
313 254
313 255
314 145
314 146
314 253
314 254
315 146
315 147
315 252
315 253
316 147
316 251
316 252
317 250
317 251
318 249
318 250
319 250
320 250
321 250
321 251
322 251
322 252
323 252
324 252
325 252
326 252
327 252
328 252
328 253
329 141
329 142
329 143
329 253
329 254
329 255
329 256
329 257
330 138
330 139
330 140
330 258
330 259
331 135
331 136
331 137
331 260
331 261
331 262
331 263
332 130
332 131
332 132
332 133
332 134
332 264
332 265
332 266
332 267
333 127
333 128
333 129
333 268
333 269
333 270
334 124
334 125
334 126
334 270
334 271
334 272
335 123
335 124
335 272
335 273
335 274
336 122
336 123
336 274
337 121
337 122
337 274
337 275
338 120
338 121
338 270
338 271
338 272
338 275
338 276
339 120
339 125
339 276
340 119
340 120
340 124
340 276
340 277
341 119
341 277
342 119
342 278
343 119
343 278
344 118
344 278
345 118
345 278
346 118
346 278
347 118
347 279
348 118
348 278
349 119
349 278
350 119
350 278
351 119
351 278
352 119
352 277
353 119
353 277
354 120
354 277
355 120
355 276
356 121
356 275
356 276
357 121
357 122
357 275
358 122
358 274
358 275
359 122
359 123
359 273
359 274
360 123
360 272
360 273
361 123
361 124
361 271
361 272
362 124
362 125
362 270
362 271
363 125
363 126
363 127
363 268
363 269
363 270
364 127
364 128
364 266
364 267
364 268
365 128
365 129
365 130
365 131
365 263
365 264
365 265
366 132
366 133
366 134
366 135
366 136
366 137
366 138
366 139
366 140
367 141
367 142
367 143
367 144
367 259
367 260
368 257
369 145
369 146
369 254
369 255
369 256
370 147
370 148
370 149
370 150
370 151
370 152
370 250
371 153
371 154
371 155
371 156
371 157
371 158
371 159
371 160
371 161
371 162
371 163
371 164
371 241
371 242
371 243
371 244
371 245
371 246
372 165
372 166
372 167
372 168
372 169
372 170
372 171
372 172
372 173
372 230
373 174
373 175
374 221
375 219
375 220
376 180
376 181
376 218
376 219
377 181
377 182
377 216
377 217
377 218
378 182
378 183
378 184
378 214
378 215
378 216
379 184
379 185
379 186
379 212
379 213
380 186
380 187
380 209
380 210
380 211
381 188
381 189
381 190
381 191
381 192
381 193
381 194
381 195
381 196
381 197
381 198
381 199
381 200
381 201
381 202
381 203
381 204
381 205
381 206
381 207
381 208
