194 260
7 177
7 178
7 179
7 180
7 181
7 182
7 183
7 184
8 173
8 174
8 175
8 176
8 185
8 186
9 167
9 168
9 169
9 170
9 171
9 172
9 175
9 187
9 188
10 161
10 162
10 163
10 164
10 165
10 166
10 189
10 190
10 191
11 154
11 155
11 156
11 157
11 158
11 159
11 160
11 191
11 192
12 147
12 148
12 149
12 150
12 151
12 152
12 153
12 193
12 194
12 195
12 196
13 139
13 140
13 141
13 142
13 143
13 144
13 145
13 146
13 196
13 197
13 198
14 135
14 136
14 137
14 138
14 199
14 200
15 127
15 128
15 129
15 130
15 131
15 132
15 133
15 134
15 200
15 201
15 202
15 203
16 119
16 120
16 121
16 122
16 123
16 124
16 125
16 126
16 204
16 205
16 206
16 207
17 114
17 115
17 116
17 117
17 118
17 207
17 208
18 108
18 109
18 110
18 111
18 112
18 113
18 208
18 210
19 102
19 103
19 104
19 105
19 106
19 107
19 205
19 206
19 207
19 210
20 96
20 97
20 98
20 99
20 100
20 101
20 201
20 202
20 203
20 204
20 207
20 211
20 212
20 213
21 90
21 91
21 92
21 93
21 94
21 95
21 195
21 196
21 197
21 198
21 199
21 200
21 214
21 215
22 84
22 85
22 86
22 87
22 88
22 89
22 188
22 189
22 190
22 191
22 192
22 193
22 194
22 216
22 217
22 218
23 78
23 79
23 80
23 81
23 82
23 83
23 183
23 184
23 185
23 186
23 187
23 209
23 210
23 211
23 212
23 219
23 220
23 221
23 222
23 223
24 71
24 72
24 73
24 74
24 75
24 76
24 77
24 176
24 177
24 178
24 179
24 180
24 181
24 182
24 205
24 206
24 207
24 208
24 223
24 224
25 65
25 66
25 67
25 68
25 69
25 70
25 171
25 172
25 173
25 174
25 175
25 200
25 201
25 202
25 203
25 204
25 207
25 224
25 225
26 57
26 58
26 59
26 60
26 61
26 62
26 63
26 64
26 167
26 168
26 169
26 170
26 196
26 197
26 198
26 199
26 226
26 227
27 49
27 50
27 51
27 52
27 53
27 54
27 55
27 56
27 162
27 163
27 164
27 165
27 166
27 191
27 192
27 193
27 194
27 195
27 228
27 229
28 42
28 43
28 44
28 45
28 46
28 47
28 48
28 157
28 158
28 159
28 160
28 161
28 185
28 186
28 187
28 188
28 189
28 190
28 229
28 230
28 231
29 35
29 36
29 37
29 38
29 39
29 40
29 41
29 150
29 151
29 152
29 153
29 154
29 155
29 156
29 176
29 177
29 181
29 182
29 183
29 184
29 231
29 232
29 233
30 31
30 32
30 33
30 34
30 146
30 147
30 148
30 149
30 175
30 176
30 178
30 179
30 180
30 233
30 234
30 235
31 23
31 24
31 25
31 26
31 27
31 28
31 29
31 30
31 31
31 142
31 143
31 144
31 145
31 170
31 171
31 172
31 173
31 174
31 175
31 235
31 236
31 237
31 238
32 16
32 17
32 18
32 19
32 20
32 21
32 22
32 131
32 132
32 133
32 134
32 135
32 136
32 137
32 138
32 139
32 140
32 141
32 160
32 161
32 162
32 163
32 164
32 165
32 166
32 167
32 168
32 169
32 239
32 240
33 12
33 13
33 14
33 128
33 129
33 130
33 159
33 160
33 240
33 241
33 242
34 12
34 15
34 16
34 122
34 123
34 124
34 125
34 126
34 127
34 153
34 154
34 155
34 156
34 157
34 158
34 242
34 243
35 11
35 16
35 17
35 18
35 116
35 117
35 118
35 119
35 120
35 121
35 145
35 146
35 147
35 148
35 149
35 150
35 151
35 152
35 243
35 244
35 245
36 11
36 18
36 19
36 20
36 109
36 110
36 111
36 112
36 113
36 114
36 115
36 143
36 144
36 245
36 246
36 247
37 11
37 16
37 17
37 20
37 21
37 102
37 103
37 104
37 105
37 106
37 107
37 108
37 134
37 135
37 136
37 137
37 138
37 139
37 140
37 141
37 142
37 247
37 248
37 249
38 11
38 21
38 22
38 23
38 97
38 98
38 99
38 100
38 101
38 132
38 133
38 249
38 250
39 11
39 20
39 23
39 24
39 25
39 92
39 93
39 94
39 95
39 96
39 123
39 124
39 125
39 126
39 127
39 128
39 129
39 130
39 131
39 248
39 250
40 11
40 25
40 26
40 27
40 84
40 85
40 86
40 87
40 88
40 89
40 90
40 91
40 117
40 118
40 119
40 120
40 121
40 122
40 242
40 243
40 244
40 245
40 246
40 247
40 250
41 12
41 27
41 28
41 79
41 80
41 81
41 82
41 83
41 112
41 113
41 114
41 115
41 116
41 238
41 239
41 240
41 241
41 251
42 12
42 28
42 29
42 30
42 71
42 72
42 73
42 74
42 75
42 76
42 77
42 78
42 105
42 106
42 107
42 108
42 109
42 110
42 111
42 231
42 232
42 233
42 234
42 235
42 236
42 237
42 251
43 12
43 30
43 31
43 32
43 64
43 65
43 66
43 67
43 68
43 69
43 70
43 99
43 100
43 101
43 102
43 103
43 104
43 226
43 227
43 228
43 229
43 230
43 251
44 12
44 28
44 29
44 32
44 33
44 34
44 58
44 59
44 60
44 61
44 62
44 63
44 94
44 95
44 96
44 97
44 98
44 223
44 224
44 225
44 251
45 12
45 34
45 35
45 36
45 49
45 50
45 51
45 52
45 53
45 54
45 55
45 56
45 57
45 86
45 87
45 88
45 89
45 90
45 91
45 92
45 93
45 217
45 218
45 219
45 220
45 221
45 222
45 251
46 12
46 36
46 37
46 42
46 43
46 44
46 45
46 46
46 47
46 48
46 82
46 83
46 84
46 85
46 210
46 211
46 212
46 213
46 214
46 215
46 216
46 251
47 12
47 38
47 39
47 40
47 73
47 74
47 75
47 76
47 77
47 78
47 79
47 80
47 81
47 207
47 208
47 209
47 251
48 12
48 40
48 41
48 42
48 43
48 64
48 65
48 66
48 67
48 68
48 69
48 70
48 71
48 72
48 198
48 199
48 200
48 201
48 202
48 203
48 204
48 205
48 206
48 251
49 12
49 43
49 44
49 61
49 62
49 63
49 193
49 194
49 195
49 196
49 197
49 251
50 12
50 44
50 45
50 54
50 55
50 56
50 57
50 58
50 59
50 60
50 187
50 188
50 189
50 190
50 191
50 192
50 251
51 12
51 45
51 46
51 47
51 48
51 49
51 50
51 51
51 52
51 53
51 180
51 181
51 182
51 183
51 184
51 185
51 186
51 251
52 12
52 173
52 174
52 175
52 176
52 177
52 178
52 179
52 251
53 12
53 48
53 166
53 167
53 168
53 169
53 170
53 171
53 172
53 251
54 12
54 48
54 49
54 50
54 160
54 161
54 162
54 163
54 164
54 165
54 251
55 12
55 50
55 51
55 154
55 155
55 156
55 157
55 158
55 159
55 251
56 12
56 51
56 52
56 53
56 150
56 151
56 152
56 153
56 250
57 12
57 50
57 53
57 54
57 144
57 145
57 146
57 147
57 148
57 149
57 250
58 12
58 51
58 54
58 55
58 56
58 137
58 138
58 139
58 140
58 141
58 142
58 143
58 250
59 12
59 56
59 57
59 132
59 133
59 134
59 135
59 136
59 250
60 12
60 57
60 58
60 59
60 127
60 128
60 129
60 130
60 131
60 250
61 12
61 59
61 60
61 121
61 122
61 123
61 124
61 125
61 126
61 250
62 12
62 60
62 61
62 62
62 115
62 116
62 117
62 118
62 119
62 120
62 250
63 12
63 62
63 63
63 111
63 112
63 113
63 114
63 250
64 12
64 60
64 61
64 63
64 64
64 65
64 104
64 105
64 106
64 107
64 108
64 109
64 110
64 250
65 12
65 61
65 62
65 65
65 66
65 99
65 100
65 101
65 102
65 103
65 250
66 12
66 63
66 66
66 67
66 68
66 92
66 93
66 94
66 95
66 96
66 97
66 98
66 250
67 12
67 68
67 69
67 88
67 89
67 90
67 91
67 250
68 12
68 66
68 67
68 69
68 70
68 81
68 82
68 83
68 84
68 85
68 86
68 87
68 250
69 12
69 71
69 72
69 74
69 75
69 78
69 79
69 80
69 250
70 12
70 69
70 70
70 73
70 76
70 77
70 250
71 12
71 71
71 72
71 250
72 12
72 73
72 250
73 12
73 73
73 250
74 12
74 73
74 250
75 12
75 73
75 250
76 12
76 73
76 250
77 12
77 74
77 250
78 12
78 74
78 250
79 12
79 74
79 250
80 12
80 74
80 250
81 12
81 74
81 250
82 12
82 74
82 250
83 12
83 74
83 250
84 12
84 74
84 250
85 12
85 74
85 250
86 12
86 74
86 250
87 12
87 74
87 250
88 12
88 74
88 250
89 12
89 74
89 250
90 12
90 74
90 250
91 12
91 74
91 250
92 12
92 74
92 250
93 12
93 74
93 250
94 12
94 74
94 250
95 13
95 74
95 250
96 13
96 74
96 250
97 13
97 74
97 250
98 13
98 74
98 250
99 13
99 74
99 250
100 13
100 74
100 250
101 13
101 74
101 250
102 13
102 74
102 250
103 13
103 74
103 250
104 13
104 74
104 249
105 13
105 74
105 249
106 13
106 74
106 249
107 13
107 74
107 249
108 13
108 74
108 249
109 13
109 74
109 249
110 13
110 74
110 249
111 13
111 74
111 249
112 13
112 74
112 249
113 13
113 75
113 249
114 13
114 75
114 249
115 13
115 75
115 249
116 13
116 75
116 249
117 13
117 75
117 249
118 13
118 75
118 249
119 13
119 75
119 249
120 13
120 75
120 249
121 13
121 75
121 249
122 13
122 75
122 249
123 13
123 75
123 249
124 13
124 75
124 249
125 13
125 75
125 249
126 13
126 75
126 249
127 13
127 75
127 249
128 13
128 75
128 249
129 13
129 75
129 249
130 13
130 75
130 249
131 13
131 75
131 249
132 13
132 75
132 249
133 13
133 75
133 249
134 13
134 75
134 249
135 13
135 75
135 249
136 13
136 75
136 249
137 13
137 75
137 249
138 13
138 75
138 249
139 14
139 75
139 249
140 13
140 75
140 249
141 13
141 75
141 249
142 13
142 75
142 249
143 13
143 14
143 75
143 249
144 14
144 15
144 16
144 18
144 19
144 75
144 249
145 16
145 17
145 75
145 249
146 17
146 18
146 75
146 249
147 18
147 19
147 75
147 249
148 19
148 20
148 21
148 75
148 249
149 21
149 22
149 75
149 248
150 22
150 23
150 75
150 237
150 238
150 239
150 247
150 248
151 23
151 24
151 25
151 75
151 233
151 234
151 235
151 242
151 243
151 244
151 245
151 246
152 25
152 26
152 75
152 228
152 229
152 230
152 231
152 238
152 239
152 240
152 241
153 26
153 27
153 223
153 224
153 225
153 226
153 233
153 234
153 235
153 236
153 237
154 27
154 28
154 29
154 219
154 220
154 221
154 228
154 229
154 230
154 231
154 232
155 29
155 30
155 214
155 215
155 216
155 224
155 225
155 226
155 227
156 30
156 31
156 32
156 210
156 211
156 212
156 219
156 220
156 221
156 222
156 223
157 32
157 33
157 204
157 205
157 206
157 207
157 214
157 215
157 216
157 217
157 218
158 33
158 34
158 201
158 202
158 210
158 211
158 212
158 213
159 34
159 35
159 36
159 195
159 196
159 197
159 198
159 205
159 206
159 207
159 208
159 209
160 36
160 37
160 40
160 191
160 192
160 193
160 194
160 200
160 201
160 202
160 203
160 204
161 37
161 38
161 187
161 188
161 189
161 196
161 197
161 198
161 199
162 38
162 39
162 182
162 183
162 184
162 191
162 192
162 193
162 194
162 195
163 39
163 40
163 41
163 177
163 178
163 179
163 180
163 187
163 188
163 189
163 190
164 41
164 42
164 173
164 174
164 175
164 182
164 183
164 184
164 185
164 186
165 43
165 44
165 167
165 168
165 169
165 170
165 178
165 179
165 180
165 181
166 44
166 45
166 163
166 164
166 165
166 173
166 174
166 175
166 176
166 177
167 45
167 46
167 47
167 158
167 159
167 160
167 161
167 168
167 169
167 170
167 171
167 172
168 47
168 48
168 154
168 155
168 156
168 163
168 164
168 165
168 166
168 167
169 48
169 49
169 50
169 149
169 150
169 151
169 152
169 159
169 160
169 161
169 162
170 50
170 51
170 145
170 146
170 147
170 154
170 155
170 156
170 157
170 158
171 51
171 52
171 140
171 141
171 142
171 150
171 151
171 152
171 153
172 52
172 53
172 54
172 135
172 136
172 137
172 138
172 145
172 146
172 147
172 148
172 149
173 54
173 55
173 130
173 131
173 132
173 133
173 140
173 141
173 142
173 143
173 144
174 55
174 56
174 126
174 127
174 128
174 135
174 136
174 137
174 138
174 139
175 56
175 57
175 58
175 120
175 121
175 122
175 123
175 131
175 132
175 133
175 134
176 58
176 59
176 115
176 116
176 117
176 118
176 119
176 125
176 126
176 127
176 128
176 129
176 130
177 59
177 60
177 61
177 110
177 111
177 112
177 113
177 121
177 122
177 123
177 124
178 61
178 62
178 106
178 107
178 108
178 116
178 117
178 118
178 119
178 120
179 62
179 63
179 64
179 101
179 102
179 103
179 111
179 112
179 113
179 114
179 115
180 64
180 65
180 96
180 97
180 98
180 106
180 107
180 108
180 109
180 110
181 65
181 66
181 91
181 92
181 93
181 101
181 102
181 103
181 104
181 105
182 66
182 67
182 68
182 86
182 87
182 88
182 89
182 95
182 96
182 97
182 98
182 99
182 100
183 68
183 69
183 79
183 82
183 83
183 84
183 91
183 92
183 93
183 94
183 95
184 69
184 70
184 77
184 78
184 79
184 86
184 87
184 88
184 89
184 90
185 70
185 71
185 82
185 83
185 84
185 85
186 71
186 72
186 73
186 77
186 78
186 79
186 80
186 81
187 73
187 74
187 75
187 76
