400 300
9 261
10 259
10 260
10 262
10 263
10 264
10 265
11 258
11 259
11 265
12 257
12 258
12 260
12 265
13 257
13 261
13 262
13 263
13 265
14 256
14 257
14 264
15 256
15 263
15 264
16 255
16 256
16 263
17 255
17 262
17 263
18 254
18 255
18 261
18 262
19 241
19 242
19 243
19 244
19 245
19 246
19 253
19 254
19 261
20 241
20 246
20 247
20 253
20 260
20 261
21 240
21 241
21 247
21 252
21 253
21 260
22 240
22 242
22 243
22 244
22 245
22 247
22 252
22 259
22 260
23 232
23 233
23 239
23 240
23 247
23 251
23 252
23 258
23 259
24 221
24 226
24 227
24 228
24 230
24 231
24 234
24 235
24 236
24 239
24 242
24 243
24 244
24 245
24 249
24 250
24 251
24 258
25 219
25 220
25 222
25 223
25 224
25 226
25 230
25 236
25 239
25 241
25 247
25 248
25 249
25 255
25 258
26 218
26 219
26 224
26 225
26 229
26 231
26 236
26 238
26 240
26 246
26 248
26 252
26 258
27 218
27 220
27 225
27 229
27 231
27 232
27 233
27 234
27 236
27 238
27 240
27 241
27 245
27 248
27 250
27 251
27 256
27 258
27 265
27 266
27 267
27 268
28 218
28 220
28 221
28 222
28 223
28 224
28 229
28 235
28 237
28 242
28 243
28 244
28 245
28 246
28 247
28 250
28 254
28 255
28 257
28 258
28 263
28 264
28 269
28 270
29 217
29 224
29 228
29 235
29 237
29 240
29 249
29 250
29 252
29 253
29 256
29 257
29 263
29 269
30 217
30 220
30 224
30 228
30 232
30 235
30 237
30 240
30 247
30 256
30 262
30 270
31 216
31 217
31 220
31 224
31 227
31 228
31 234
31 237
31 238
31 240
31 248
31 249
31 255
31 258
31 259
31 260
31 261
31 262
31 264
31 265
31 266
31 267
31 268
31 269
32 213
32 214
32 215
32 220
32 225
32 226
32 228
32 234
32 238
32 239
32 247
32 250
32 251
32 257
32 266
32 270
33 203
33 204
33 205
33 206
33 207
33 212
33 213
33 218
33 223
33 229
33 234
33 239
33 246
33 251
33 254
33 256
33 260
33 262
33 264
33 266
33 269
34 202
34 203
34 207
34 208
34 212
34 218
34 223
34 224
34 232
34 234
34 235
34 239
34 247
34 251
34 253
34 260
34 262
34 266
34 269
35 202
35 208
35 212
35 214
35 216
35 217
35 218
35 219
35 222
35 224
35 225
35 226
35 227
35 228
35 229
35 232
35 235
35 236
35 237
35 239
35 247
35 248
35 249
35 250
35 251
35 253
35 255
35 257
35 258
35 259
35 262
35 266
35 269
36 202
36 208
36 212
36 215
36 222
36 232
36 234
36 238
36 246
36 247
36 260
36 261
36 264
36 266
36 269
37 202
37 209
37 212
37 214
37 221
37 223
37 231
37 234
37 239
37 246
37 252
37 254
37 255
37 256
37 262
37 264
37 266
37 269
38 202
38 209
38 210
38 221
38 223
38 224
38 233
38 235
38 236
38 239
38 245
38 246
38 251
38 252
38 254
38 256
38 257
38 258
38 259
38 260
38 261
38 266
38 269
39 202
39 205
39 207
39 208
39 210
39 211
39 214
39 218
39 219
39 220
39 221
39 222
39 225
39 228
39 229
39 230
39 231
39 232
39 233
39 238
39 242
39 244
39 245
39 250
39 251
39 254
39 261
39 266
39 269
40 202
40 205
40 208
40 212
40 214
40 217
40 218
40 222
40 223
40 228
40 233
40 234
40 238
40 242
40 244
40 247
40 250
40 254
40 262
40 266
40 269
41 203
41 205
41 207
41 212
41 217
41 223
41 228
41 234
41 237
41 239
41 241
41 242
41 245
41 247
41 250
41 251
41 259
41 262
41 266
41 269
42 203
42 205
42 208
42 210
42 211
42 212
42 217
42 218
42 219
42 220
42 222
42 223
42 228
42 229
42 230
42 232
42 233
42 234
42 237
42 239
42 245
42 247
42 251
42 252
42 253
42 254
42 259
42 262
42 266
42 270
43 203
43 205
43 208
43 221
43 231
43 237
43 239
43 245
43 247
43 250
43 256
43 259
43 262
43 267
43 269
44 203
44 205
44 208
44 210
44 217
44 237
44 239
44 245
44 246
44 250
44 255
44 259
44 262
44 264
44 265
45 203
45 208
45 210
45 217
45 239
45 247
45 249
45 250
45 255
45 259
45 262
45 268
45 269
45 270
45 271
46 201
46 202
46 203
46 206
46 208
46 213
46 214
46 215
46 223
46 224
46 225
46 226
46 227
46 228
46 229
46 230
46 231
46 232
46 236
46 237
46 245
46 246
46 247
46 249
46 255
46 259
46 262
46 267
46 268
46 271
46 272
47 200
47 206
47 208
47 211
47 212
47 216
47 217
47 222
47 232
47 233
47 234
47 235
47 238
47 239
47 244
47 249
47 250
47 259
47 262
47 263
47 267
47 272
48 200
48 206
48 208
48 211
48 217
48 222
48 232
48 239
48 244
48 250
48 253
48 254
48 255
48 257
48 260
48 263
48 264
48 266
48 272
49 200
49 202
49 203
49 206
49 208
49 211
49 212
49 217
49 222
49 223
49 234
49 238
49 239
49 244
49 245
49 250
49 253
49 255
49 260
49 264
49 267
49 272
50 200
50 202
50 204
50 206
50 209
50 213
50 214
50 215
50 216
50 217
50 224
50 225
50 226
50 227
50 228
50 229
50 230
50 231
50 232
50 233
50 234
50 235
50 236
50 237
50 246
50 247
50 248
50 249
50 250
50 253
50 255
50 260
50 264
50 267
50 268
50 269
50 270
50 271
50 273
51 200
51 202
51 204
51 206
51 209
51 227
51 230
51 234
51 243
51 253
51 255
51 260
51 263
51 273
52 200
52 202
52 204
52 206
52 209
52 210
52 228
52 230
52 234
52 235
52 243
52 253
52 254
52 258
52 263
52 268
52 269
52 270
52 271
52 273
52 274
52 275
53 200
53 202
53 204
53 206
53 208
53 211
53 227
53 230
53 235
53 240
53 241
53 255
53 256
53 263
53 264
53 267
53 268
53 275
53 276
54 200
54 206
54 208
54 211
54 212
54 216
54 217
54 218
54 219
54 220
54 221
54 230
54 235
54 238
54 239
54 242
54 243
54 249
54 250
54 251
54 252
54 253
54 254
54 257
54 258
54 259
54 261
54 265
54 266
54 267
54 273
55 200
55 206
55 209
55 212
55 213
55 215
55 216
55 221
55 222
55 226
55 227
55 235
55 237
55 238
55 244
55 249
55 253
55 255
55 256
55 260
55 261
55 265
55 267
55 269
55 273
55 275
55 276
56 200
56 207
56 209
56 211
56 213
56 215
56 216
56 222
56 226
56 227
56 231
56 236
56 238
56 244
56 249
56 256
56 260
56 263
56 265
56 267
56 269
56 270
56 271
56 274
56 275
56 277
57 200
57 203
57 205
57 207
57 209
57 211
57 213
57 216
57 217
57 218
57 219
57 220
57 221
57 222
57 227
57 228
57 231
57 233
57 236
57 238
57 239
57 243
57 244
57 249
57 250
57 251
57 255
57 256
57 260
57 261
57 265
57 266
57 267
57 271
57 277
57 278
58 200
58 203
58 205
58 207
58 209
58 211
58 213
58 216
58 220
58 228
58 229
58 232
58 237
58 239
58 240
58 241
58 242
58 251
58 252
58 253
58 254
58 255
58 261
58 262
58 263
58 265
58 268
58 272
58 274
58 278
59 200
59 203
59 205
59 207
59 209
59 211
59 213
59 216
59 227
59 229
59 230
59 232
59 237
59 249
59 263
59 265
59 272
59 275
59 276
59 278
60 200
60 203
60 205
60 207
60 208
60 209
60 210
60 213
60 228
60 230
60 237
60 252
60 264
60 268
60 270
60 273
60 275
60 278
60 279
61 200
61 203
61 205
61 214
61 215
61 222
61 223
61 224
61 225
61 230
61 231
61 238
61 244
61 245
61 246
61 247
61 248
61 252
61 255
61 256
61 257
61 258
61 259
61 260
61 264
61 268
61 271
61 276
61 279
61 280
62 200
62 203
62 205
62 207
62 208
62 209
62 210
62 211
62 212
62 213
62 215
62 220
62 221
62 226
62 227
62 231
62 233
62 239
62 240
62 242
62 243
62 248
62 249
62 252
62 254
62 260
62 261
62 264
62 268
62 271
62 272
62 274
62 276
62 280
62 281
63 200
63 204
63 207
63 210
63 215
63 220
63 227
63 230
63 233
63 235
63 236
63 238
63 240
63 242
63 249
63 253
63 259
63 261
63 264
63 268
63 272
63 281
63 282
64 201
64 204
64 208
64 213
64 214
64 215
64 220
64 221
64 226
64 227
64 230
64 234
64 235
64 240
64 243
64 250
64 253
64 254
64 258
64 259
64 261
64 264
64 269
64 273
64 275
64 277
64 281
64 282
64 283
65 201
65 204
65 208
65 210
65 211
65 212
65 215
65 221
65 222
65 223
65 224
65 225
65 230
65 232
65 234
65 241
65 243
65 244
65 245
65 247
65 248
65 249
65 254
65 255
65 256
65 259
65 260
65 261
65 264
65 269
65 271
65 273
65 275
65 278
65 281
65 283
66 201
66 204
66 208
66 215
66 221
66 225
66 230
66 232
66 234
66 236
66 238
66 240
66 245
66 246
66 250
66 256
66 257
66 262
66 264
66 270
66 272
66 275
66 278
66 281
66 284
67 200
67 204
67 208
67 210
67 215
67 221
67 225
67 230
67 236
67 238
67 240
67 246
67 250
67 255
67 258
67 262
67 264
67 265
67 270
67 272
67 275
67 276
67 280
67 281
67 284
68 200
68 203
68 205
68 208
68 210
68 216
68 221
68 225
68 226
68 231
68 232
68 235
68 238
68 239
68 240
68 242
68 246
68 247
68 251
68 255
68 258
68 260
68 262
68 265
68 270
68 273
68 276
68 277
68 280
68 284
69 200
69 203
69 205
69 208
69 210
69 216
69 221
69 222
69 226
69 227
69 228
69 229
69 234
69 240
69 241
69 242
69 243
69 245
69 247
69 251
69 256
69 258
69 261
69 263
69 269
69 273
69 275
69 278
69 279
69 280
69 282
69 285
70 199
70 203
70 205
70 208
70 210
70 216
70 222
70 223
70 225
70 229
70 231
70 232
70 234
70 235
70 238
70 239
70 240
70 243
70 247
70 251
70 256
70 258
70 261
70 263
70 265
70 269
70 273
70 285
71 199
71 202
71 205
71 209
71 211
71 217
71 225
71 227
71 230
71 232
71 235
71 237
71 243
71 247
71 248
71 251
71 256
71 259
71 261
71 265
71 269
71 274
71 277
71 278
71 280
71 283
71 285
72 200
72 202
72 205
72 209
72 211
72 213
72 217
72 223
72 225
72 226
72 229
72 232
72 236
72 241
72 244
72 248
72 252
72 256
72 259
72 261
72 262
72 265
72 266
72 269
72 274
72 278
72 283
72 286
73 200
73 204
73 205
73 209
73 211
73 217
73 223
73 226
73 227
73 228
73 230
73 232
73 236
73 237
73 238
73 239
73 240
73 244
73 248
73 252
73 255
73 257
73 259
73 266
73 269
73 275
73 279
73 286
74 200
74 203
74 205
74 209
74 212
74 213
74 214
74 217
74 223
74 228
74 232
74 233
74 242
74 245
74 248
74 249
74 252
74 255
74 257
74 260
74 264
74 269
74 275
74 279
74 281
74 284
74 286
75 200
75 203
75 205
75 209
75 210
75 211
75 215
75 216
75 224
75 228
75 229
75 233
75 236
75 243
75 245
75 249
75 252
75 255
75 258
75 262
75 263
75 264
75 269
75 275
75 279
75 280
75 284
75 286
76 200
76 203
76 206
76 209
76 217
76 219
76 224
76 229
76 233
76 237
76 240
76 243
76 245
76 246
76 249
76 252
76 255
76 258
76 259
76 260
76 261
76 262
76 265
76 268
76 276
76 280
76 287
77 200
77 203
77 206
77 209
77 210
77 211
77 216
77 219
77 224
77 229
77 234
77 237
77 240
77 246
77 249
77 251
77 252
77 255
77 268
77 276
77 280
77 287
78 200
78 204
78 206
78 210
78 212
78 213
78 215
78 217
78 224
78 230
78 234
78 237
78 240
78 244
78 246
78 249
78 255
78 258
78 261
78 262
78 264
78 268
78 276
78 280
78 287
79 200
79 204
79 206
79 213
79 215
79 218
79 222
79 223
79 224
79 228
79 230
79 235
79 238
79 240
79 241
79 244
79 247
79 249
79 253
79 255
79 257
79 261
79 268
79 277
79 281
79 285
79 287
80 201
80 204
80 206
80 211
80 213
80 218
80 219
80 223
80 231
80 235
80 238
80 241
80 245
80 247
80 250
80 255
80 258
80 261
80 267
80 277
80 281
80 285
80 287
81 201
81 204
81 206
81 210
81 214
81 219
81 223
81 231
81 233
81 236
81 239
81 241
81 248
81 251
81 256
81 258
81 261
81 267
81 277
81 281
81 285
81 287
82 201
82 204
82 207
82 212
82 214
82 215
82 219
82 220
82 224
82 230
82 236
82 241
82 242
82 248
82 249
82 252
82 256
82 258
82 261
82 267
82 277
82 281
82 285
82 287
83 201
83 204
83 207
83 211
83 213
83 215
83 217
83 220
83 224
83 225
83 231
83 237
83 242
83 246
83 249
83 252
83 256
83 258
83 261
83 265
83 267
83 277
83 282
83 284
83 287
84 201
84 204
84 207
84 211
84 213
84 215
84 218
84 221
84 225
84 226
84 231
84 237
84 242
84 243
84 247
84 249
84 252
84 256
84 262
84 265
84 267
84 277
84 282
84 284
84 287
85 201
85 205
85 207
85 211
85 213
85 215
85 218
85 221
85 222
85 226
85 232
85 237
85 243
85 244
85 249
85 253
85 256
85 262
85 265
85 267
85 277
85 282
85 284
85 287
86 201
86 205
86 207
86 213
86 216
86 222
86 226
86 230
86 232
86 238
86 241
86 244
86 245
86 246
86 247
86 248
86 253
86 257
86 259
86 262
86 265
86 267
86 277
86 282
86 284
86 287
87 202
87 205
87 207
87 214
87 219
87 222
87 223
87 226
87 230
87 232
87 233
87 237
87 238
87 241
87 243
87 253
87 257
87 259
87 262
87 265
87 267
87 277
87 282
87 284
87 287
88 202
88 205
88 208
88 212
88 214
88 216
88 218
88 220
88 223
88 227
88 229
88 233
88 234
88 235
88 236
88 237
88 241
88 243
88 250
88 252
88 254
88 257
88 259
88 262
88 265
88 267
88 277
88 282
88 284
88 287
89 202
89 205
89 208
89 212
89 214
89 220
89 223
89 224
89 225
89 227
89 229
89 231
89 240
89 244
89 245
89 250
89 252
89 254
89 257
89 262
89 265
89 267
89 277
89 282
89 284
89 287
90 202
90 205
90 208
90 215
90 217
90 221
90 223
90 226
90 228
90 230
90 232
90 236
90 241
90 245
90 246
90 251
90 255
90 257
90 262
90 267
90 277
90 282
90 284
90 287
91 202
91 206
91 208
91 213
91 215
91 217
91 219
91 221
91 224
91 226
91 227
91 230
91 232
91 235
91 237
91 239
91 241
91 245
91 247
91 249
91 251
91 253
91 255
91 257
91 262
91 267
91 277
91 282
91 284
91 287
92 203
92 206
92 209
92 213
92 215
92 217
92 220
92 224
92 227
92 233
92 235
92 237
92 239
92 242
92 245
92 246
92 250
92 255
92 258
92 262
92 267
92 276
92 282
92 284
92 286
93 203
93 206
93 209
93 213
93 215
93 217
93 220
93 222
93 228
93 233
93 236
93 238
93 240
93 242
93 246
93 247
93 250
93 256
93 258
93 262
93 267
93 276
93 282
93 286
94 202
94 206
94 209
94 215
94 217
94 220
94 223
94 225
94 228
94 231
94 233
94 236
94 238
94 240
94 243
94 247
94 248
94 251
94 256
94 258
94 262
94 264
94 267
94 276
94 282
94 286
95 202
95 206
95 209
95 214
95 216
95 218
95 221
95 222
95 223
95 224
95 225
95 228
95 234
95 236
95 237
95 241
95 243
95 248
95 251
95 253
95 256
95 258
95 262
95 264
95 267
95 275
95 281
95 286
96 202
96 207
96 209
96 214
96 216
96 218
96 228
96 229
96 234
96 237
96 239
96 241
96 243
96 244
96 248
96 249
96 252
96 258
96 262
96 264
96 266
96 275
96 281
96 283
96 285
97 202
97 207
97 210
97 214
97 219
97 223
97 225
97 229
97 235
97 237
97 244
97 250
97 252
97 257
97 262
97 264
97 266
97 275
97 281
97 285
98 202
98 207
98 210
98 215
98 217
98 219
98 222
98 225
98 227
98 229
98 230
98 233
98 235
98 237
98 238
98 240
98 242
98 244
98 245
98 250
98 253
98 257
98 259
98 262
98 266
98 274
98 281
98 284
98 285
99 202
99 204
99 207
99 210
99 215
99 217
99 220
99 223
99 225
99 230
99 233
99 235
99 238
99 240
99 245
99 251
99 253
99 257
99 259
99 262
99 266
99 273
99 274
99 276
99 280
99 284
100 202
100 204
100 207
100 210
100 215
100 218
100 220
100 223
100 226
100 228
100 230
100 231
100 236
100 238
100 243
100 246
100 251
100 254
100 256
100 258
100 261
100 263
100 265
100 273
100 279
100 280
100 283
100 284
101 202
101 204
101 208
101 211
101 216
101 218
101 221
101 224
101 226
101 231
101 232
101 236
101 239
101 241
101 243
101 244
101 246
101 252
101 254
101 256
101 258
101 261
101 263
101 265
101 272
101 273
101 279
101 283
102 202
102 204
102 208
102 211
102 216
102 218
102 221
102 222
102 224
102 227
102 232
102 237
102 239
102 244
102 246
102 247
102 252
102 258
102 261
102 265
102 271
102 272
102 279
102 282
102 283
103 202
103 205
103 208
103 211
103 216
103 219
103 222
103 225
103 228
103 232
103 233
103 237
103 239
103 240
103 242
103 244
103 247
103 252
103 255
103 259
103 261
103 264
103 271
103 278
103 281
103 282
104 202
104 205
104 208
104 211
104 216
104 219
104 222
104 223
104 226
104 228
104 233
104 237
104 240
104 242
104 245
104 247
104 248
104 253
104 255
104 260
104 262
104 264
104 270
104 271
104 277
104 278
104 281
105 202
105 204
105 206
105 208
105 212
105 217
105 219
105 221
105 223
105 226
105 229
105 231
105 234
105 238
105 240
105 241
105 243
105 245
105 248
105 253
105 260
105 264
105 269
105 270
105 277
105 280
105 281
106 202
106 204
106 206
106 209
106 212
106 217
106 219
106 221
106 224
106 227
106 229
106 234
106 235
106 238
106 241
106 246
106 248
106 254
106 260
106 263
106 269
106 276
106 279
106 280
107 201
107 204
107 206
107 209
107 212
107 217
107 220
107 222
107 224
107 227
107 230
107 232
107 235
107 239
107 241
107 242
107 244
107 246
107 247
107 249
107 254
107 258
107 260
107 263
107 268
107 269
107 276
107 279
108 201
108 204
108 206
108 209
108 213
108 218
108 220
108 222
108 225
108 228
108 233
108 235
108 236
108 239
108 242
108 244
108 247
108 249
108 250
108 254
108 258
108 260
108 262
108 267
108 268
108 275
108 278
108 279
109 201
109 206
109 209
109 213
109 215
109 218
109 221
109 225
109 226
109 229
109 231
109 236
109 237
109 239
109 242
109 243
109 247
109 250
109 254
109 258
109 262
109 266
109 267
109 274
109 277
109 278
110 201
110 205
110 207
110 210
110 213
110 215
110 218
110 221
110 223
110 226
110 229
110 232
110 234
110 237
110 243
110 248
110 250
110 251
110 255
110 257
110 261
110 262
110 265
110 266
110 273
110 276
110 277
111 201
111 205
111 207
111 210
111 213
111 218
111 221
111 223
111 226
111 227
111 230
111 232
111 237
111 238
111 243
111 244
111 251
111 255
111 261
111 264
111 265
111 275
111 276
112 201
112 205
112 207
112 210
112 214
112 216
112 219
112 221
112 222
112 227
112 228
112 233
112 235
112 238
112 244
112 245
112 246
112 251
112 255
112 261
112 264
112 275
113 201
113 205
113 207
113 210
113 214
113 216
113 219
113 222
113 224
113 228
113 231
113 236
113 238
113 239
113 245
113 251
113 252
113 255
113 261
113 263
113 264
113 267
113 271
113 274
113 275
114 201
114 205
114 207
114 211
114 214
114 216
114 219
114 222
114 224
114 228
114 229
114 232
114 234
114 236
114 239
114 240
114 245
114 246
114 248
114 252
114 256
114 262
114 263
114 266
114 270
114 273
114 274
115 201
115 205
115 208
115 211
115 214
115 217
115 220
115 223
115 225
115 229
115 230
115 232
115 234
115 237
115 240
115 241
115 246
115 252
115 253
115 256
115 265
115 269
115 272
115 273
116 201
116 205
116 208
116 211
116 215
116 217
116 220
116 223
116 225
116 230
116 233
116 235
116 237
116 241
116 246
116 247
116 253
116 256
116 264
116 268
116 271
116 272
117 201
117 205
117 208
117 212
117 215
117 217
117 220
117 224
117 226
117 230
117 231
117 235
117 238
117 241
117 242
117 247
117 248
117 253
117 256
117 260
117 262
117 263
117 267
117 270
117 271
118 201
118 205
118 209
118 212
118 215
118 218
118 221
118 224
118 226
118 229
118 231
118 234
118 236
118 238
118 239
118 242
118 243
118 248
118 254
118 256
118 260
118 262
118 269
118 270
119 201
119 205
119 209
119 212
119 216
119 218
119 221
119 224
119 226
119 229
119 232
119 235
119 239
119 243
119 248
119 254
119 256
119 262
119 268
119 269
120 201
120 205
120 209
120 212
120 216
120 218
120 221
120 225
120 227
120 230
120 233
120 237
120 239
120 240
120 243
120 244
120 249
120 254
120 257
120 260
120 262
120 267
120 268
121 201
121 206
121 208
121 210
121 213
121 217
121 219
121 222
121 225
121 227
121 230
121 233
121 234
121 240
121 244
121 249
121 255
121 257
121 262
121 266
121 267
122 201
122 206
122 208
122 210
122 213
122 216
122 219
122 222
122 225
122 228
122 234
122 238
122 240
122 244
122 245
122 249
122 250
122 255
122 257
122 260
122 265
122 266
123 201
123 206
123 208
123 210
123 213
123 216
123 219
123 223
123 226
123 228
123 231
123 233
123 234
123 235
123 240
123 241
123 245
123 246
123 250
123 255
123 257
123 259
123 264
123 265
124 201
124 206
124 209
124 211
124 214
124 218
124 220
124 223
124 227
124 229
124 233
124 235
124 236
124 239
124 241
124 242
124 246
124 247
124 250
124 256
124 259
124 263
124 264
125 202
125 204
125 206
125 209
125 211
125 214
125 218
125 220
125 223
125 227
125 229
125 236
125 242
125 247
125 251
125 256
125 259
125 262
125 263
126 202
126 204
126 206
126 209
126 211
126 214
126 217
126 219
126 221
126 224
126 227
126 230
126 234
126 236
126 237
126 240
126 242
126 243
126 247
126 248
126 251
126 256
126 261
126 262
127 201
127 204
127 206
127 210
127 212
127 214
127 217
127 219
127 221
127 224
127 228
127 230
127 235
127 237
127 238
127 244
127 248
127 252
127 254
127 257
127 261
128 201
128 204
128 206
128 210
128 212
128 215
128 219
128 221
128 224
128 228
128 235
128 238
128 244
128 245
128 248
128 249
128 252
128 255
128 257
128 261
129 201
129 204
129 206
129 210
129 212
129 215
129 218
129 220
129 222
129 225
129 229
129 231
129 235
129 238
129 239
129 245
129 249
129 250
129 252
129 255
129 257
129 260
130 201
130 204
130 206
130 210
130 212
130 215
130 218
130 220
130 222
130 225
130 229
130 231
130 236
130 239
130 240
130 246
130 250
130 253
130 255
130 257
130 260
131 201
131 204
131 207
131 211
131 213
131 216
131 218
131 222
131 225
131 227
131 229
131 230
131 232
131 236
131 240
131 246
131 247
131 250
131 251
131 253
131 257
131 260
132 201
132 204
132 207
132 211
132 213
132 216
132 219
132 221
132 223
132 226
132 230
132 236
132 240
132 241
132 247
132 248
132 251
132 260
133 200
133 207
133 209
133 211
133 213
133 217
133 219
133 221
133 223
133 226
133 228
133 230
133 233
133 237
133 239
133 241
133 242
133 248
133 251
133 252
133 254
133 259
134 200
134 207
134 211
134 214
134 217
134 219
134 222
134 224
134 226
134 228
134 231
134 233
134 237
134 242
134 249
134 252
134 253
134 256
134 259
135 200
135 207
135 212
135 214
135 217
135 220
135 222
135 224
135 227
135 229
135 231
135 237
135 242
135 243
135 250
135 253
135 256
135 258
135 259
136 200
136 202
136 207
136 212
136 214
136 218
136 220
136 222
136 224
136 227
136 229
136 232
136 234
136 238
136 240
136 243
136 244
136 248
136 253
136 254
136 258
137 199
137 205
137 207
137 210
137 212
137 215
137 218
137 220
137 223
137 225
137 227
137 229
137 232
137 234
137 238
137 241
137 244
137 249
137 254
137 255
137 258
138 199
138 205
138 207
138 210
138 212
138 215
138 218
138 221
138 223
138 225
138 228
138 230
138 232
138 233
138 235
138 238
138 241
138 244
138 245
138 250
138 255
138 257
139 199
139 205
139 207
139 212
139 215
139 219
139 221
139 224
139 226
139 228
139 230
139 233
139 235
139 239
139 242
139 245
139 248
139 250
139 251
139 255
139 257
140 199
140 202
140 205
140 207
140 213
140 216
140 219
140 221
140 224
140 226
140 230
140 233
140 236
140 239
140 242
140 246
140 251
140 256
140 258
141 199
141 202
141 205
141 207
141 211
141 213
141 216
141 219
141 222
141 225
141 227
141 229
141 231
141 234
141 236
141 242
141 243
141 246
141 252
141 254
141 256
142 199
142 202
142 205
142 208
142 211
142 213
142 216
142 220
142 222
142 225
142 227
142 229
142 231
142 234
142 237
142 243
142 247
142 248
142 250
142 253
142 257
143 198
143 202
143 208
143 211
143 213
143 217
143 220
143 222
143 223
143 225
143 227
143 231
143 235
143 237
143 243
143 248
143 253
143 257
144 198
144 202
144 208
144 214
144 217
144 221
144 223
144 226
144 228
144 230
144 233
144 235
144 237
144 238
144 244
144 248
144 249
144 251
144 253
144 257
145 198
145 202
145 206
145 208
145 214
145 218
145 221
145 223
145 226
145 228
145 232
145 236
145 238
145 244
145 249
145 252
145 255
145 258
146 198
146 202
146 206
146 208
146 212
146 214
146 218
146 221
146 223
146 227
146 229
146 232
146 236
146 238
146 244
146 247
146 249
146 250
146 252
146 258
147 198
147 202
147 206
147 208
147 212
147 214
147 218
147 222
147 224
147 227
147 229
147 233
147 236
147 237
147 239
147 244
147 245
147 247
147 250
147 253
147 256
147 259
148 198
148 202
148 206
148 208
148 212
148 214
148 219
148 222
148 224
148 227
148 233
148 237
148 239
148 245
148 246
148 250
148 253
148 259
149 198
149 202
149 206
149 209
149 215
149 219
149 223
149 225
149 228
149 230
149 233
149 235
149 237
149 240
149 246
149 251
149 254
149 257
149 259
150 199
150 202
150 206
150 209
150 213
150 215
150 219
150 223
150 225
150 228
150 234
150 238
150 240
150 246
150 249
150 251
150 254
150 256
150 260
151 197
151 199
151 202
151 206
151 209
151 213
151 215
151 220
151 223
151 225
151 229
151 231
151 234
151 238
151 240
151 246
151 249
151 251
151 252
151 254
151 257
151 260
152 197
152 199
152 202
152 207
152 209
152 213
152 215
152 220
152 221
152 224
152 226
152 229
152 231
152 232
152 234
152 236
152 238
152 239
152 241
152 243
152 246
152 249
152 252
152 255
152 257
152 260
153 197
153 199
153 203
153 205
153 207
153 209
153 213
153 216
153 219
153 221
153 222
153 224
153 226
153 229
153 232
153 235
153 239
153 241
153 247
153 252
153 255
153 257
153 260
154 197
154 199
154 203
154 205
154 207
154 209
154 214
154 216
154 220
154 222
154 225
154 230
154 232
154 235
154 239
154 242
154 247
154 248
154 252
154 256
154 258
154 260
155 197
155 199
155 203
155 205
155 207
155 210
155 214
155 216
155 220
155 222
155 223
155 225
155 227
155 230
155 233
155 235
155 240
155 242
155 244
155 248
155 253
155 256
155 258
155 260
156 197
156 199
156 203
156 205
156 207
156 210
156 214
156 216
156 220
156 223
156 225
156 227
156 231
156 233
156 240
156 242
156 244
156 248
156 253
156 256
156 258
156 260
157 197
157 199
157 203
157 205
157 208
157 210
157 214
157 217
157 220
157 223
157 226
157 229
157 231
157 233
157 234
157 241
157 249
157 251
157 254
157 256
157 258
157 260
158 197
158 199
158 203
158 205
158 208
158 210
158 215
158 217
158 221
158 224
158 226
158 228
158 231
158 232
158 234
158 241
158 243
158 245
158 254
158 257
158 260
159 197
159 199
159 205
159 208
159 210
159 215
159 217
159 221
159 224
159 228
159 232
159 234
159 241
159 243
159 250
159 252
159 254
159 257
159 260
160 197
160 199
160 204
160 208
160 211
160 215
160 217
160 221
160 225
160 227
160 230
160 233
160 235
160 242
160 244
160 248
160 250
160 252
160 257
160 260
161 197
161 199
161 204
161 206
161 208
161 211
161 213
161 215
161 218
161 222
161 225
161 229
161 233
161 235
161 242
161 244
161 256
161 260
162 196
162 199
162 204
162 206
162 208
162 211
162 213
162 218
162 222
162 225
162 229
162 231
162 233
162 236
162 242
162 248
162 250
162 251
162 256
162 259
163 196
163 199
163 202
163 204
163 206
163 209
163 211
163 216
163 218
163 222
163 224
163 226
163 230
163 234
163 236
163 243
163 245
163 250
163 253
163 256
163 259
164 196
164 199
164 202
164 204
164 206
164 209
164 212
164 216
164 218
164 223
164 226
164 227
164 230
164 232
164 234
164 237
164 243
164 245
164 250
164 253
164 256
164 259
165 196
165 199
165 202
165 204
165 206
165 209
165 212
165 214
165 219
165 223
165 225
165 227
165 232
165 235
165 237
165 243
165 246
165 250
165 256
165 258
166 196
166 199
166 202
166 204
166 206
166 209
166 212
166 214
166 217
166 219
166 223
166 225
166 227
166 231
166 233
166 235
166 237
166 238
166 244
166 246
166 250
166 252
166 257
166 258
167 196
167 199
167 202
167 204
167 207
167 209
167 212
167 217
167 219
167 225
167 228
167 231
167 233
167 236
167 238
167 244
167 246
167 250
167 252
167 256
167 257
168 196
168 199
168 202
168 204
168 207
168 210
168 213
168 215
168 217
168 220
168 224
168 226
168 228
168 232
168 236
168 238
168 244
168 246
168 250
168 256
169 196
169 199
169 202
169 204
169 207
169 210
169 213
169 215
169 217
169 220
169 224
169 226
169 229
169 232
169 234
169 237
169 239
169 244
169 246
169 250
169 255
169 256
170 196
170 199
170 202
170 204
170 206
170 210
170 213
170 215
170 218
170 220
170 224
170 226
170 229
170 232
170 234
170 237
170 239
170 245
170 250
170 254
170 255
171 196
171 199
171 202
171 204
171 206
171 208
171 210
171 213
171 218
171 220
171 225
171 227
171 230
171 235
171 237
171 245
171 250
171 253
171 254
172 196
172 199
172 202
172 204
172 206
172 208
172 211
172 214
172 216
172 218
172 221
172 225
172 227
172 230
172 235
172 238
172 240
172 245
172 249
172 252
172 253
173 196
173 199
173 202
173 205
173 208
173 211
173 214
173 216
173 221
173 225
173 227
173 230
173 231
173 236
173 238
173 240
173 245
173 251
173 252
174 196
174 199
174 202
174 205
174 207
174 211
174 214
174 219
174 222
174 226
174 228
174 231
174 238
174 239
174 241
174 245
174 249
174 250
175 196
175 199
175 202
175 205
175 207
175 209
175 211
175 215
175 217
175 219
175 222
175 226
175 228
175 231
175 237
175 239
175 241
175 245
175 248
175 249
176 196
176 199
176 202
176 205
176 207
176 209
176 212
176 215
176 217
176 219
176 223
176 228
176 232
176 236
176 240
176 246
176 248
177 196
177 199
177 202
177 205
177 207
177 209
177 212
177 215
177 223
177 228
177 232
177 235
177 240
177 242
177 248
178 195
178 199
178 202
178 205
178 207
178 209
178 212
178 216
178 218
178 220
178 223
178 226
178 233
178 240
178 242
178 247
179 195
179 198
179 200
179 203
179 205
179 207
179 210
179 212
179 216
179 218
179 220
179 222
179 224
179 233
179 236
179 241
179 246
179 247
180 195
180 198
180 200
180 203
180 205
180 208
180 210
180 213
180 216
180 218
180 222
180 224
180 231
180 233
180 236
180 241
180 246
181 194
181 200
181 203
181 205
181 208
181 210
181 213
181 217
181 219
181 222
181 225
181 227
181 234
181 237
181 241
181 242
181 246
182 194
182 196
182 200
182 203
182 206
182 208
182 210
182 213
182 217
182 219
182 225
182 227
182 232
182 234
182 237
182 242
182 246
183 194
183 196
183 200
183 203
183 206
183 208
183 211
183 214
183 217
183 219
183 223
183 225
183 235
183 237
183 242
183 245
184 193
184 196
184 200
184 203
184 206
184 208
184 211
184 214
184 218
184 220
184 223
184 226
184 228
184 235
184 238
184 243
184 245
185 193
185 196
185 201
185 203
185 206
185 208
185 211
185 214
185 218
185 220
185 223
185 226
185 228
185 233
185 235
185 238
185 243
185 245
186 193
186 196
186 199
186 201
186 203
186 206
186 209
186 211
186 214
186 218
186 220
186 223
186 226
186 229
186 236
186 238
186 245
187 192
187 196
187 199
187 201
187 203
187 206
187 209
187 212
187 214
187 219
187 221
187 224
187 227
187 234
187 236
187 239
187 244
188 192
188 195
188 199
188 201
188 204
188 206
188 209
188 212
188 215
188 219
188 221
188 224
188 227
188 229
188 231
188 234
188 236
188 239
188 244
189 192
189 195
189 197
189 199
189 202
189 204
189 207
189 209
189 212
189 215
189 217
189 219
189 221
189 224
189 227
189 230
189 231
189 237
189 239
189 244
190 191
190 195
190 197
190 199
190 202
190 204
190 207
190 209
190 213
190 215
190 217
190 220
190 222
190 225
190 227
190 232
190 235
190 237
190 239
190 243
191 191
191 193
191 195
191 197
191 199
191 202
191 204
191 207
191 209
191 213
191 220
191 222
191 225
191 228
191 232
191 235
191 237
191 243
192 191
192 194
192 197
192 199
192 202
192 204
192 207
192 210
192 213
192 216
192 218
192 220
192 222
192 225
192 228
192 232
192 235
192 237
192 240
192 244
193 190
193 194
193 199
193 202
193 204
193 207
193 210
193 214
193 216
193 218
193 221
193 223
193 225
193 228
193 232
193 235
193 238
193 240
193 244
194 190
194 194
194 196
194 198
194 201
194 204
194 208
194 210
194 214
194 216
194 218
194 221
194 223
194 229
194 233
194 236
194 238
194 240
194 244
195 190
195 192
195 194
195 196
195 198
195 201
195 205
195 208
195 210
195 214
195 221
195 223
195 229
195 233
195 236
195 238
195 240
195 243
196 190
196 194
196 196
196 198
196 201
196 203
196 205
196 208
196 210
196 215
196 217
196 219
196 222
196 229
196 233
196 236
196 238
196 240
196 243
197 189
197 193
197 196
197 198
197 200
197 203
197 205
197 208
197 211
197 215
197 217
197 219
197 222
197 224
197 229
197 233
197 236
197 238
197 240
197 243
198 189
198 193
198 196
198 198
198 200
198 203
198 205
198 208
198 211
198 215
198 219
198 222
198 224
198 230
198 233
198 236
198 238
198 240
198 243
199 188
199 189
199 191
199 193
199 196
199 198
199 200
199 203
199 205
199 209
199 211
199 216
199 218
199 220
199 223
199 230
199 233
199 237
199 240
199 242
200 186
200 187
200 188
200 193
200 196
200 198
200 200
200 203
200 205
200 209
200 211
200 216
200 220
200 223
200 225
200 230
200 233
200 237
200 239
200 242
201 184
201 185
201 187
201 193
201 196
201 198
201 200
201 203
201 206
201 209
201 211
201 216
201 220
201 223
201 225
201 230
201 233
201 237
201 239
201 241
202 183
202 184
202 187
202 190
202 192
202 196
202 198
202 200
202 203
202 206
202 209
202 212
202 217
202 223
202 230
202 233
202 237
202 240
202 241
203 182
203 183
203 187
203 190
203 192
203 196
203 198
203 202
203 204
203 206
203 210
203 212
203 217
203 224
203 226
203 231
203 233
203 238
203 240
204 182
204 186
204 190
204 192
204 196
204 198
204 201
204 204
204 206
204 210
204 212
204 217
204 222
204 224
204 226
204 231
204 233
204 239
204 240
205 181
205 182
205 186
205 192
205 196
205 199
205 201
205 204
205 206
205 210
205 212
205 216
205 218
205 221
205 224
205 231
205 233
205 238
205 239
206 180
206 181
206 185
206 191
206 196
206 199
206 201
206 204
206 206
206 210
206 213
206 218
206 225
206 227
206 231
206 233
206 237
206 238
207 180
207 184
207 185
207 189
207 191
207 194
207 196
207 199
207 201
207 204
207 207
207 210
207 213
207 218
207 223
207 225
207 227
207 231
207 236
207 237
208 179
208 180
208 184
208 189
208 191
208 194
208 196
208 199
208 201
208 204
208 207
208 211
208 213
208 219
208 223
208 225
208 231
208 235
208 236
209 179
209 181
209 183
209 189
209 191
209 194
209 196
209 199
209 203
209 205
209 207
209 211
209 213
209 217
209 219
209 223
209 226
209 231
209 235
210 179
210 181
210 183
210 185
210 189
210 191
210 194
210 196
210 200
210 202
210 205
210 207
210 211
210 214
210 219
210 226
210 228
210 231
210 234
211 178
211 183
211 186
211 191
211 194
211 196
211 200
211 202
211 205
211 207
211 209
211 211
211 214
211 219
211 226
211 228
211 231
211 233
211 234
212 178
212 180
212 182
212 186
212 190
212 194
212 196
212 200
212 202
212 205
212 209
212 211
212 214
212 218
212 220
212 223
212 226
212 231
212 233
213 178
213 180
213 182
213 186
213 188
213 190
213 194
213 196
213 200
213 202
213 205
213 209
213 212
213 214
213 220
213 223
213 227
213 232
213 233
214 177
214 182
214 186
214 188
214 190
214 194
214 196
214 200
214 202
214 204
214 206
214 208
214 212
214 214
214 220
214 223
214 227
214 231
214 232
215 176
215 177
215 179
215 182
215 185
215 188
215 190
215 196
215 200
215 202
215 206
215 208
215 212
215 215
215 221
215 223
215 227
215 231
216 176
216 182
216 185
216 188
216 190
216 193
216 196
216 200
216 203
216 206
216 210
216 212
216 215
216 219
216 221
216 223
216 227
216 230
217 175
217 176
217 179
217 183
217 185
217 188
217 190
217 193
217 196
217 200
217 203
217 206
217 210
217 213
217 215
217 219
217 221
217 224
217 227
217 230
218 175
218 179
218 183
218 185
218 190
218 193
218 196
218 200
218 203
218 207
218 210
218 213
218 215
218 219
218 221
218 224
218 227
218 229
219 174
219 175
219 179
219 180
219 183
219 185
219 190
219 193
219 196
219 200
219 203
219 205
219 207
219 210
219 213
219 215
219 221
219 224
219 227
219 229
220 174
220 177
220 179
220 183
220 185
220 187
220 189
220 193
220 196
220 200
220 203
220 205
220 207
220 210
220 213
220 215
220 220
220 224
220 227
220 229
221 173
221 174
221 176
221 180
221 183
221 185
221 187
221 189
221 193
221 196
221 200
221 203
221 205
221 207
221 210
221 213
221 215
221 220
221 222
221 224
221 228
221 229
222 172
222 173
222 176
222 180
222 182
222 185
222 189
222 193
222 196
222 200
222 204
222 207
222 213
222 220
222 222
222 224
222 227
222 230
223 172
223 180
223 182
223 185
223 188
223 189
223 193
223 196
223 200
223 204
223 208
223 214
223 220
223 222
223 224
223 227
223 231
224 171
224 172
224 183
224 186
224 188
224 193
224 196
224 200
224 204
224 208
224 214
224 216
224 218
224 220
224 222
224 224
224 227
224 231
225 171
225 183
225 186
225 187
225 194
225 196
225 200
225 204
225 206
225 208
225 214
225 216
225 218
225 220
225 222
225 224
225 227
225 231
226 170
226 171
226 183
226 184
226 186
226 187
226 191
226 192
226 194
226 196
226 200
226 204
226 206
226 208
226 214
226 216
226 218
226 220
226 222
226 224
226 227
226 230
227 170
227 181
227 184
227 186
227 187
227 188
227 192
227 193
227 194
227 196
227 201
227 204
227 206
227 208
227 214
227 216
227 220
227 222
227 226
227 230
228 169
228 170
228 180
228 181
228 185
228 188
228 196
228 201
228 204
228 206
228 208
228 212
228 214
228 216
228 220
228 223
228 226
228 228
228 230
229 168
229 169
229 179
229 180
229 185
229 186
229 189
229 197
229 201
229 204
229 209
229 212
229 214
229 217
229 220
229 222
229 226
229 228
229 230
230 168
230 179
230 186
230 187
230 189
230 190
230 197
230 200
230 204
230 209
230 212
230 214
230 218
230 220
230 223
230 225
230 229
231 167
231 168
231 178
231 179
231 187
231 191
231 192
231 197
231 199
231 200
231 205
231 209
231 212
231 214
231 219
231 220
231 223
231 224
231 225
231 227
231 229
232 167
232 175
232 177
232 178
232 188
232 189
232 192
232 193
232 197
232 200
232 205
232 207
232 209
232 212
232 214
232 219
232 224
232 229
233 166
233 167
233 176
233 177
233 189
233 190
233 193
233 194
233 198
233 201
233 202
233 205
233 207
233 210
233 212
233 214
233 217
233 218
233 219
233 223
233 228
234 165
234 166
234 176
234 190
234 191
234 194
234 195
234 199
234 201
234 205
234 210
234 214
234 222
234 223
234 225
234 227
234 228
235 165
235 175
235 176
235 196
235 197
235 201
235 205
235 206
235 207
235 208
235 210
235 214
235 221
235 222
235 227
236 164
236 165
236 167
236 174
236 175
236 190
236 191
236 192
236 198
236 199
236 200
236 201
236 210
236 211
236 212
236 213
236 214
236 218
236 219
236 220
236 221
236 226
237 163
237 164
237 172
237 173
237 174
237 192
237 193
237 196
237 201
237 202
237 203
237 204
237 216
237 217
237 218
237 225
237 228
238 163
238 171
238 172
238 193
238 194
238 197
238 198
238 199
238 205
238 206
238 207
238 208
238 209
238 210
238 211
238 214
238 215
238 220
238 221
238 224
238 225
238 228
239 162
239 163
239 171
239 195
239 196
239 200
239 201
239 202
239 212
239 214
239 220
239 223
239 224
239 226
239 227
239 228
240 161
240 162
240 198
240 199
240 203
240 204
240 205
240 213
240 214
240 215
240 222
240 223
241 161
241 200
241 212
241 215
241 216
241 217
241 218
241 222
242 160
242 161
242 199
242 203
242 204
242 205
242 206
242 207
242 208
242 209
242 210
242 211
242 221
242 222
243 159
243 160
243 169
243 220
243 221
244 159
244 168
244 207
244 210
244 211
244 212
244 220
245 158
245 159
245 167
245 206
245 210
245 219
245 220
246 157
246 158
246 161
246 166
246 205
246 206
246 209
246 210
246 218
246 219
247 157
247 165
247 205
247 208
247 209
247 217
247 218
248 156
248 157
248 164
248 165
248 204
248 205
248 208
248 217
249 155
249 156
249 164
249 203
249 204
249 207
249 208
249 216
249 217
250 155
250 163
250 164
250 203
250 206
250 207
250 215
250 216
251 154
251 155
251 162
251 163
251 202
251 203
251 206
251 214
251 215
252 153
252 154
252 162
252 202
252 205
252 206
252 214
253 152
253 153
253 161
253 162
253 201
253 204
253 205
253 213
253 214
254 152
254 160
254 161
254 200
254 201
254 204
254 212
254 213
255 151
255 152
255 159
255 160
255 199
255 200
255 203
255 204
255 211
255 212
256 150
256 151
256 158
256 159
256 199
256 202
256 203
256 211
257 149
257 150
257 158
257 198
257 199
257 202
257 210
257 211
258 149
258 157
258 158
258 197
258 198
258 201
258 202
258 209
258 210
259 13
259 14
259 148
259 149
259 156
259 157
259 197
259 200
259 201
259 208
259 209
260 5
260 7
260 11
260 14
260 147
260 148
260 156
260 196
260 197
260 199
260 200
260 208
261 5
261 7
261 12
261 15
261 146
261 147
261 155
261 195
261 196
261 199
261 207
262 5
262 7
262 13
262 15
262 145
262 146
262 154
262 155
262 195
262 198
262 199
262 206
262 207
263 5
263 7
263 13
263 15
263 145
263 153
263 154
263 194
263 197
263 198
263 205
263 206
264 5
264 7
264 8
264 14
264 144
264 145
264 153
264 193
264 194
264 197
264 204
264 205
265 5
265 8
265 9
265 143
265 144
265 152
265 192
265 193
265 196
265 197
265 203
265 204
266 6
266 10
266 11
266 12
266 13
266 14
266 15
266 16
266 17
266 18
266 19
266 20
266 142
266 143
266 151
266 152
266 192
266 195
266 196
266 203
267 7
267 8
267 9
267 20
267 141
267 142
267 148
267 149
267 150
267 191
267 194
267 195
267 202
267 203
268 10
268 11
268 12
268 13
268 14
268 15
268 16
268 17
268 18
268 19
268 20
268 141
268 149
268 190
268 191
268 194
268 201
268 202
269 140
269 141
269 148
269 149
269 190
269 193
269 194
269 200
269 201
270 139
270 140
270 148
270 189
270 192
270 193
270 199
270 200
271 5
271 6
271 7
271 8
271 9
271 10
271 11
271 12
271 13
271 138
271 139
271 147
271 188
271 189
271 191
271 192
271 198
271 199
272 5
272 14
272 137
272 138
272 146
272 147
272 187
272 188
272 191
272 198
273 6
273 7
273 8
273 9
273 10
273 11
273 12
273 15
273 136
273 137
273 145
273 146
273 186
273 187
273 190
273 191
273 197
273 198
274 13
274 15
274 135
274 136
274 144
274 145
274 185
274 186
274 189
274 190
274 196
274 197
275 13
275 15
275 135
275 143
275 144
275 185
275 188
275 189
275 195
275 196
276 134
276 135
276 142
276 143
276 184
276 187
276 188
276 194
276 195
277 133
277 134
277 142
277 183
277 184
277 186
277 187
277 193
277 194
278 132
278 133
278 140
278 141
278 182
278 183
278 186
278 192
278 193
279 11
279 12
279 13
279 131
279 132
279 140
279 182
279 185
279 186
279 191
279 192
280 5
280 7
280 14
280 130
280 131
280 139
280 181
280 184
280 185
280 190
280 191
281 5
281 7
281 9
281 12
281 129
281 130
281 138
281 180
281 182
281 183
281 184
281 190
282 5
282 7
282 9
282 10
282 13
282 14
282 128
282 129
282 137
282 179
282 182
282 183
282 189
282 190
283 4
283 6
283 9
283 127
283 128
283 136
283 178
283 179
283 181
283 182
283 188
283 189
284 4
284 6
284 9
284 10
284 13
284 126
284 127
284 135
284 177
284 178
284 181
284 187
284 188
285 4
285 6
285 10
285 11
285 14
285 125
285 126
285 134
285 176
285 177
285 180
285 181
285 186
285 187
286 5
286 7
286 11
286 12
286 124
286 125
286 133
286 134
286 176
286 179
286 180
286 185
286 186
287 5
287 7
287 123
287 124
287 132
287 133
287 175
287 178
287 179
287 184
287 185
288 5
288 6
288 7
288 122
288 123
288 131
288 132
288 174
288 177
288 178
288 183
288 184
289 121
289 122
289 130
289 131
289 173
289 176
289 177
289 182
289 183
290 10
290 11
290 12
290 121
290 129
290 130
290 172
290 173
290 175
290 176
290 181
290 182
291 5
291 13
291 14
291 120
291 121
291 128
291 129
291 171
291 172
291 175
291 180
291 181
292 5
292 7
292 11
292 14
292 119
292 120
292 127
292 128
292 170
292 171
292 174
292 175
292 179
292 180
293 5
293 7
293 12
293 15
293 118
293 119
293 126
293 127
293 169
293 170
293 173
293 174
293 178
293 179
294 5
294 7
294 13
294 117
294 118
294 126
294 169
294 172
294 173
294 177
294 178
295 5
295 7
295 116
295 117
295 124
295 125
295 168
295 171
295 172
295 176
295 177
296 5
296 7
296 115
296 116
296 123
296 124
296 167
296 170
296 171
296 175
296 176
297 5
297 6
297 7
297 113
297 114
297 115
297 122
297 123
297 166
297 169
297 170
297 174
297 175
298 5
298 7
298 8
298 9
298 10
298 11
298 112
298 113
298 117
298 121
298 122
298 165
298 168
298 169
298 173
298 174
299 5
299 6
299 111
299 112
299 117
299 120
299 121
299 164
299 168
299 172
299 173
300 7
300 8
300 9
300 10
300 11
300 110
300 111
300 116
300 119
300 120
300 163
300 167
300 171
300 172
301 109
301 110
301 115
301 118
301 119
301 162
301 166
301 170
301 171
302 108
302 109
302 114
302 117
302 118
302 161
302 165
302 169
302 170
303 5
303 6
303 7
303 8
303 9
303 10
303 11
303 12
303 13
303 107
303 108
303 113
303 116
303 117
303 160
303 163
303 164
303 168
303 169
304 5
304 14
304 106
304 107
304 112
304 115
304 116
304 159
304 162
304 163
304 167
304 168
305 5
305 6
305 7
305 8
305 9
305 10
305 11
305 12
305 14
305 105
305 106
305 111
305 114
305 158
305 161
305 162
305 166
305 167
306 13
306 14
306 104
306 105
306 110
306 113
306 157
306 158
306 160
306 161
306 165
306 166
307 103
307 104
307 109
307 112
307 114
307 156
307 164
307 165
308 102
308 103
308 107
308 108
308 111
308 113
308 155
308 158
308 163
308 164
309 5
309 6
309 7
309 8
309 9
309 10
309 11
309 12
309 13
309 14
309 101
309 102
309 106
309 107
309 110
309 154
309 157
309 162
309 163
310 5
310 14
310 99
310 100
310 101
310 105
310 106
310 109
310 153
310 156
310 161
310 162
311 6
311 7
311 8
311 9
311 10
311 11
311 12
311 14
311 98
311 99
311 104
311 108
311 152
311 155
311 160
311 161
312 97
312 98
312 103
312 106
312 107
312 151
312 154
312 159
312 160
313 96
313 97
313 102
313 105
313 106
313 150
313 153
313 158
313 159
314 5
314 6
314 7
314 8
314 9
314 10
314 11
314 12
314 13
314 14
314 95
314 96
314 100
314 101
314 104
314 105
314 149
314 152
314 157
314 158
315 5
315 94
315 95
315 99
315 100
315 103
315 148
315 151
315 156
315 157
316 5
316 6
316 7
316 8
316 9
316 10
316 11
316 12
316 13
316 14
316 93
316 94
316 98
316 99
316 102
316 108
316 147
316 150
316 154
316 155
316 156
317 91
317 92
317 93
317 97
317 101
317 107
317 108
317 146
317 153
317 154
318 90
318 91
318 96
318 99
318 100
318 106
318 107
318 145
318 152
318 153
319 5
319 6
319 89
319 90
319 95
319 98
319 99
319 105
319 106
319 144
319 151
319 152
320 5
320 7
320 88
320 89
320 93
320 94
320 97
320 104
320 105
320 143
320 150
320 151
321 5
321 7
321 87
321 88
321 92
321 93
321 96
321 103
321 149
321 150
322 5
322 8
322 9
322 10
322 11
322 12
322 85
322 86
322 87
322 91
322 95
322 102
322 103
322 148
322 149
323 6
323 7
323 13
323 14
323 84
323 85
323 90
323 93
323 94
323 101
323 147
323 148
324 7
324 8
324 9
324 10
324 11
324 12
324 14
324 83
324 84
324 89
324 92
324 93
324 99
324 100
324 145
324 146
324 147
325 12
325 13
325 15
325 82
325 83
325 87
325 88
325 91
325 92
325 98
325 99
325 144
325 145
326 13
326 15
326 80
326 81
326 82
326 86
326 87
326 90
326 91
326 97
326 98
326 143
326 144
327 13
327 15
327 79
327 80
327 85
327 89
327 96
327 97
327 142
327 143
328 78
328 79
328 84
328 87
328 88
328 95
328 96
328 141
328 142
329 77
329 78
329 82
329 83
329 86
329 87
329 94
329 140
329 141
330 10
330 11
330 12
330 13
330 14
330 16
330 17
330 18
330 75
330 76
330 77
330 81
330 85
330 92
330 93
330 94
330 138
330 139
330 140
331 9
331 14
331 15
331 18
331 74
331 75
331 80
331 83
331 84
331 91
331 92
331 137
331 138
332 5
332 7
332 9
332 10
332 11
332 12
332 15
332 17
332 18
332 73
332 74
332 82
332 83
332 90
332 91
332 136
332 137
333 5
333 7
333 13
333 15
333 72
333 73
333 81
333 82
333 89
333 90
333 135
333 136
334 5
334 7
334 13
334 15
334 70
334 71
334 72
334 80
334 87
334 88
334 134
334 135
335 5
335 7
335 8
335 13
335 15
335 69
335 70
335 78
335 79
335 86
335 87
335 132
335 133
335 134
336 5
336 9
336 10
336 11
336 13
336 15
336 68
336 69
336 73
336 74
336 77
336 78
336 85
336 86
336 131
336 132
337 6
337 7
337 10
337 13
337 15
337 21
337 22
337 23
337 24
337 66
337 67
337 68
337 72
337 76
337 84
337 85
337 130
337 131
338 7
338 8
338 9
338 10
338 11
338 14
338 21
338 25
338 65
338 66
338 71
338 72
338 74
338 75
338 83
338 84
338 129
338 130
339 17
339 19
339 23
339 25
339 26
339 64
339 65
339 69
339 70
339 73
339 81
339 82
339 83
339 127
339 128
339 129
340 17
340 19
340 22
340 26
340 27
340 62
340 63
340 64
340 68
340 71
340 72
340 73
340 80
340 81
340 126
340 127
341 5
341 6
341 7
341 8
341 9
341 10
341 11
341 12
341 13
341 14
341 17
341 19
341 22
341 27
341 61
341 62
341 67
341 70
341 71
341 74
341 78
341 79
341 80
341 125
341 126
342 5
342 17
342 19
342 22
342 23
342 24
342 27
342 60
342 61
342 69
342 77
342 78
342 124
342 125
343 5
343 6
343 7
343 8
343 9
343 10
343 11
343 12
343 13
343 14
343 15
343 17
343 19
343 25
343 27
343 58
343 59
343 60
343 68
343 76
343 77
343 122
343 123
343 124
344 17
344 18
344 20
344 26
344 27
344 57
344 58
344 66
344 67
344 75
344 76
344 121
344 122
345 18
345 20
345 55
345 56
345 57
345 65
345 74
345 75
345 120
345 121
346 18
346 21
346 22
346 23
346 54
346 55
346 64
346 72
346 73
346 74
346 118
346 119
346 120
347 5
347 6
347 7
347 8
347 9
347 10
347 11
347 12
347 13
347 19
347 20
347 24
347 25
347 53
347 54
347 71
347 72
347 117
347 118
348 5
348 14
348 15
348 21
348 22
348 23
348 24
348 51
348 52
348 53
348 69
348 70
348 71
348 116
348 117
349 5
349 6
349 7
349 8
349 9
349 10
349 11
349 12
349 15
349 50
349 51
349 68
349 69
349 115
349 116
350 13
350 15
350 48
350 49
350 50
350 67
350 68
350 113
350 114
350 115
351 47
351 48
351 65
351 66
351 67
351 112
351 113
352 5
352 6
352 7
352 45
352 46
352 47
352 64
352 65
352 111
352 112
353 5
353 7
353 8
353 9
353 10
353 11
353 12
353 13
353 14
353 44
353 45
353 63
353 64
353 109
353 110
353 111
354 5
354 6
354 43
354 44
354 61
354 62
354 63
354 108
354 109
355 7
355 8
355 9
355 10
355 11
355 12
355 13
355 14
355 41
355 42
355 43
355 60
355 61
355 107
355 108
356 13
356 40
356 41
356 58
356 59
356 105
356 106
356 107
357 38
357 39
357 40
357 57
357 58
357 104
357 105
358 5
358 6
358 7
358 8
358 9
358 10
358 11
358 12
358 13
358 14
358 37
358 38
358 55
358 56
358 102
358 103
358 104
359 5
359 14
359 35
359 36
359 37
359 54
359 55
359 101
359 102
360 5
360 6
360 7
360 8
360 9
360 10
360 11
360 12
360 13
360 14
360 34
360 35
360 51
360 52
360 53
360 100
360 101
361 32
361 33
361 34
361 50
361 51
361 98
361 99
361 100
362 31
362 32
362 49
362 50
362 97
362 98
363 29
363 30
363 31
363 46
363 47
363 48
363 49
363 96
363 97
364 9
364 10
364 11
364 12
364 13
364 28
364 29
364 45
364 46
364 94
364 95
364 96
365 7
365 14
365 26
365 27
365 28
365 43
365 44
365 45
365 93
365 94
366 7
366 9
366 12
366 14
366 24
366 25
366 26
366 41
366 42
366 43
366 91
366 92
366 93
367 7
367 9
367 10
367 13
367 15
367 23
367 24
367 40
367 41
367 90
367 91
368 6
368 9
368 11
368 21
368 22
368 23
368 38
368 39
368 40
368 88
368 89
368 90
369 5
369 7
369 9
369 13
369 20
369 21
369 36
369 37
369 38
369 87
369 88
370 5
370 7
370 10
370 11
370 14
370 18
370 19
370 20
370 34
370 35
370 36
370 85
370 86
370 87
371 5
371 6
371 11
371 12
371 14
371 16
371 17
371 18
371 33
371 34
371 84
371 85
372 12
372 15
372 16
372 31
372 32
372 33
372 83
372 84
373 13
373 14
373 15
373 30
373 31
373 81
373 82
373 83
374 12
374 13
374 28
374 29
374 30
374 80
374 81
375 10
375 11
375 12
375 25
375 26
375 27
375 28
375 78
375 79
375 80
376 9
376 10
376 24
376 25
376 77
376 78
377 7
377 8
377 12
377 22
377 23
377 24
377 75
377 76
377 77
378 5
378 6
378 7
378 10
378 12
378 20
378 21
378 22
378 74
378 75
379 3
379 4
379 5
379 10
379 12
379 16
379 17
379 18
379 19
379 20
379 72
379 73
379 74
380 2
380 3
380 6
380 8
380 9
380 15
380 16
380 71
380 72
381 0
381 1
381 2
381 6
381 7
381 10
381 11
381 13
381 14
381 15
381 69
381 70
381 71
382 5
382 8
382 9
382 12
382 68
382 69
383 5
383 7
383 10
383 12
383 66
383 67
383 68
384 5
384 8
384 9
384 10
384 12
384 64
384 65
384 66
385 5
385 6
385 12
385 63
385 64
386 4
386 61
386 62
386 63
387 3
387 6
387 7
387 8
387 9
387 10
387 11
387 60
387 61
388 1
388 2
388 12
388 58
388 59
388 60
389 0
389 1
389 10
389 12
389 57
389 58
390 6
390 7
390 8
390 9
390 10
390 12
390 55
390 56
390 57
391 12
391 53
391 54
391 55
392 6
392 12
392 52
392 53
393 6
393 7
393 8
393 9
393 12
393 50
393 51
393 52
394 11
394 12
394 49
394 50
395 6
395 7
395 8
395 9
395 10
395 11
395 47
395 48
395 49
396 45
396 46
396 47
397 44
397 45
398 38
398 39
398 42
398 43
398 44
399 38
399 39
399 41
399 42
